1937 5212 30
1429 29 1711 476 1279 1453 82 137 1753 1164 763 660 1176 717 1121 257 821 1404 602 349 1205 674 259 902 1026 1411 130 184 830 1465 
1 1 1 1 1 1 1 1 1 1 1 1 1 1 1 1 1 1 1 1 1 1 1 1 1 1 1 1 1 1 1 1 1 1 1 1 1 1 1 1 1 1 1 1 1 1 1.5 1 1 3 2 1 1 1 1 1 1 1 1 1 1 1 1 1 1 1 1 1 1 1 1 1 1 1 1 1 1 1 1 1 1 1 1 1 1 1 1 1 1 1 1 1 1 1 1 1 1 1 1 1 1 1 1 1 1 1 1 1 1 1 1 1 1 1 1 1 1 1 1 1 1 1 1 1 1 1 1 1 1 1 1 1 1 1 1 1 1 1 1 1 1 1 1 1 1 1 1 1 1 1 1 1 1 1 1 1 1 1 1 1 1 1 1 1 1 1 1 1 1 1 1 1 1 1 1 1 1 1 1 1 1 1 1 1 1 1 1 1 1 1 1 1 1 1 1 1 1 1 1 1 1 1.5 1 1 1 1 1 1 1 1 1 1 1 1 1 1 1 1 1 1 1 1 1 1 1 1 1 1 1 1 1 1 1 1 1 1 1 1 1 1 1 1 1 1 1 1 1 1 1 1 1 1 1 1 1 1 1 1 1 1 1 1 1 1 1 1 1 1 1 1 1 1 1 1 1 1 1 1 1 1 1 1 1 1 1 1 1 1 1 1 1 1 1 1 1 1 1 1 1 1 1 1 1 1 1 1 1 1 1 1 1 1 1 1 1 1 1 1 1 1 1 1 1 1 1 1 1 1 1 1 1 1 1 1 1 1 1 1 1 1 1 1 1 1 1 1 1 1 1 1 1 1 1 1 1 1 1 1.5 1 1 1 1 1 1 1 1 1 1 1 1 1 1 1 1 1 1 1 1 1 1 1 1 1.5 1 1 1 1 1 1 1 1 1 1 1 1 1 1 1 1 1 1 1 1 1 1 1 1 1 1 1 1 1 1 1 1 1 1 1 1 1 1 1 1 1 1 1 1 1 1 1 1 1 1 1 1 1 1 1 1 1 1 1 1 1 1 1 1 1 1 1 3 1 1 1 1 1 1 1 1 1 1 1 1 1 1 1 1 1 1 1 1 1 1 1 1 1 1 1 1 1 1 1 1 1 1 1 1 1 1 1 1 1 1 1 1 1 1 1 1 1 1 1 1 1 1 1 1 1 1 1 1 1 1 1 1 1 1 1 1 1 1 1 1 1 1 1 1 1 1 1 1 1 1 1 1 1 1 1 1 1 1 1 1 1 1 1 1 1 1 1 1 1 1 1 1 1 1 1 1 1 1 1 1 1 1 1 1 1 1 1 1 1 1 1 1 1 1 1 1 1 1 1 1 1 1 1 1 1 1 1 1 1 1 1 1 1 1 1 1 1 1 1 1 1 1 1 1 1 1 1 1 1 1 1 1 1 1 1 1 1 1 1 1 1 1 1 1 1 1 1 1 1 1 1 1 1 1 1 1 1 1 1 1 1 1 1 1 1 1 1 1 1 1 1 1 1 1 1 1 1 1 1 1 1 1 1 1 1 1 1 1 1 1 1 1 1 1 1 1 1 1 1 1 1 1 1 1 1 1 1 1 1 1 1 1 1 1 1 1 1 1 1 1 1 1.5 1 1 1 1 1 1 1 1 1 1 1 1 1 1 1 2.5 1 1 1 1 1 1 1 1 1 1 1 1 1 1 1 1 1 1 1 1 1 1 1 1 1 1 1 1 1 1 1 1 1 1 1 1 1 1 1 1 1 1 1 1 1 1 1 1 1 1 1 1 1 1 1 1 1 1 1.5 1 1 1 1 1 1 1 1 1 1 1 1 1 1 1 1 1 1 1 1 1 1 1 1 1 1 1 1 1 1 1 1 1 1 1 1 1 1 1 3 1 1 2 1 1 1 1 1 1 1 1 1 1 1 1 1 1 1 1 1 2.5 1 1 1 1 1 1 1 1 1 1 1 1 1 1 1 1 1 1 1 1 1 1 1 1 1 1 1 1 1 1 1 1 1 1 1 1 1 1 1 1 1 1 1 1 1 1 1 1 1 1 1 1 1 1 1 1 1 1 1 1 1 1 1 1 1 1 1 1 1 1 1 1 1 1 1 1 1 1 1 1 1 1 1 1 1 1 1 1 1 1 1 1 1 1 1 1 1 1 3 1 1 1 1 1 1 1 1 1 1 1 1 1 1 1 1 1 1 1 1 1 1 1 1 1 1 1 1 1 1 1.5 1 1 1 1 1 1 1 1 1 1 1 1 1 1 1 1 1 1 1 1 1 1 1 1 1 1 1 1 1 1 1 1 1 1 1 1 1 1 1 1 1 1 1 1 1 1 1 1 1 1 1 1 1 1 1 1 1 1 1 1 1 1 1 1 1 1.5 1 1 1 1 1 1 1 1 1 1 1 1 1 1 2.5 1 1 1 1 1 1 1 1 1 1 1 1 1 1 1 1 1 1 1 1 1 1 1 1 1 1 1 1 1 1 1 1 1 1 1 1 1 1 1 1 1 1 1 1 1 1 1 1 1 1 1 1 1 1 1 1 1 1 1 1 1 1 1 1 1 1 1 1 1 1 1 1 1 1 1 1 1 1 1 1 1 1 1 1 1 1 1 1 1 1 1 1 1 1 1 1 1 1 1 1 1 1 1 1 1 1 1 1 1 1 1 1 1 1 1 1 1 1 2.5 1 1 1 1 1 1 1 1 1 1 1 1 1 1 1 1 1 1 1 1 1 1 1 1 1 1 1 1 1 1 1 1 1 1 1 1 1 1 1 1 1 1 1 1 1 1 1 1 1 1 1 1 1 1 1 1 1 1 1 1 1 1 1 1 1 1 1 1 1.5 1 1 1 1 1 1 1 1 1 1 1 1 1 1 1 1 1 1 1 1 1 1 1 1 1.5 1 1 1 1 1 1 1 1 1 1 1 1 1 1 1 1 1 1 1 1 1 1 1 1 1 1 1 1 1 1 1 1 1 1 1 1 1 1 1 1 1 1 1 1 1 1 1 1 1 1 1 1 1 1 1 1 1 1 1 1 1 1 1 1 1 1 1 1 1 1 1 1 1 1 1 1 1 1 1 1 1 1 1 1 1 1 1 1 1.5 1 1 1 1 1 1 1 1 1 1 1 1 1 1 1 1 1 1 1 1 1 1 1 1 1 1 1 1 1 1 1 1 1 1 1 1 1 1 1 1 1 1 1 1 1 1 2 1 1 1 1 1 1 1 1 1 1 1 1 1 1 1 1 1 1 1.5 1 1 1 1 1 1 1 1 1 1 1 1 1 1 1 1 1 1 1 1 1 1 1 1 1 1 1 1 1 1 1 1 1 1 1 1 1 1 1 1 1 1 1 1 1 1 1 1 1 1 1 1 1 1 1 1 1 1 1 1 1 1 1 1 1 1 1 1 1 1 1 1 1 1 1 1 1 1 1 1 1 1 1 1 1 1 1 1 1 1 1 1 1 1 1 1 1 1 1 1 1 1 1 1 1 1 1 1 1 1 1 1 1 1 1 1 1 1 1 1 1 1 1 1 1 1 1 1 1 1 1 1 1 1 1 1 1 1 1 1 1 1 1 1 1 1 1 1 1 1 1 1 1 1 1 1 1 1 1 1 1 1 1 1 1 1.5 1 1 1 1 1 3 1 1 1 1 1 1 1 1 1 1 1 1 1 1 1 1 1 1 1 1 1 1 1 1 1 1 1 1 1 1 1 1 1 1 1 1 1 1 1 1 1 1 1 1 1 1 1 1 1 1 1 1 1 1.5 1.5 1 1 1 1 1 1 1 1 1 1 1 1 1 1 1 1 1 1 1 1 1 1 1 1 1 1 1 1 1 1 1 1 1 1 1 1 1 1 1 1 1 1 1 1 1 1 1 1 1 1.5 1 1 1 1 1 1 1 1 1 1 1 1.5 1 1 1 1 1 1 1 1 1 1.5 1 1 1 1 1 1 1 1 1 1 1 1 1 1 1 1 1 1 1 1 1 1 1 1 1 1 1 1 1 1 1 1 1 1 1 1 1.5 1 1 1 1 1 1 1 1 1 1 1 1 1 1 1 1 1 1 1 1 1 1 1 1 1 1 1 1 1 1 1 1 1 1 1 1 1 1 1 1 1 1 1 1 1 1 1 1 1 1 1 1 1 1 1 1 1 1 1 1 1 1 1 1 1 1 1 1 1 1 1 1 1 1 1 1 1 1 1 1 1 1 1 1 1 1 1 1 1 1 1 1 1 1 1 2 1 1 1 1 1 1 1 1 1 1 1 1 1 1 1 1 1 1 1 1 1 1 1.5 1 1 1 1 1 1 1 1 1 1 1 1 1 1 1 1 1 1 1 1 1 1 1 1 1 1 1 1 1 1 1 1 1 1 1 1 1 1 1 1 1 1 1 1 1 1 1 1 1 1 1 1 1 1 1 1 1 1 1 2 1 1 
1350 1402 12
1259 877 9
1773 356 9
521 1175 9
255 942 15
1188 1013 7
1404 670 8
400 919 9
771 1228 6
1867 1261 8
746 329 11
1793 1610 8
869 1365 12
576 1152 11
1427 403 15
1026 1630 8
245 1014 8
137 1032 8
1595 432 4
1174 1371 7
707 1581 8
771 1686 6
1861 1788 30
184 1771 7
465 1526 7
1285 901 12
1345 395 9
668 374 8
1391 1626 8
236 1930 11
1177 141 12
1664 1528 11
1769 1496 5
42 1810 9
474 1631 4
1331 684 7
475 571 8
545 1852 8
934 1583 6
342 1221 11
1818 394 9
1448 741 7
1189 530 12
958 922 9
341 1392 4
821 509 8
290 1138 6
827 1768 10
1925 1617 9
1077 988 12
413 1344 7
1596 1302 12
502 673 4
1395 1568 5
1387 814 6
1822 70 5
220 311 4
949 1185 18
1888 974 6
240 1463 7
817 1018 12
79 39 12
622 11 8
639 1306 9
443 1323 7
392 608 11
503 1343 7
86 63 5
1151 740 8
1419 667 9
1920 368 11
1268 1337 8
1510 945 5
1254 294 12
658 1708 27
625 1488 9
291 1733 27
581 1504 7
1526 1730 7
1542 1651 5
162 1792 7
1652 136 5
951 1737 12
1259 772 12
1209 87 6
70 1401 8
1565 1812 5
1200 715 7
440 98 6
976 767 6
1783 943 12
393 41 11
1183 565 9
1393 1227 7
30 1863 30
313 1004 4
1198 494 6
471 1071 6
567 840 11
1540 1640 20
65 589 9
725 91 6
1564 1200 8
1143 1808 12
1757 1746 4
956 603 4
1225 1733 10
1386 994 18
1026 650 7
1841 1387 8
1776 908 11
791 1019 8
680 525 12
1444 1686 7
1323 1796 5
447 35 10
715 1365 6
391 1159 4
354 1484 11
881 1035 8
1480 203 4
1232 141 11
1787 1635 12
370 495 7
122 1071 6
383 1897 5
1391 1073 4
126 1474 7
298 1523 9
1086 54 8
87 345 12
736 1534 6
559 729 6
1453 1710 8
181 1600 7
1798 1014 27
213 811 11
565 1306 12
1813 1323 7
26 1590 18
476 1197 8
689 1578 8
1571 1226 12
1549 919 11
864 76 7
1689 1124 12
1114 18 4
306 1864 6
216 213 12
420 1514 6
941 199 8
812 1150 6
420 957 18
147 906 15
1636 1301 16
527 470 8
557 1592 5
1217 1086 7
580 1890 15
1339 652 12
600 663 7
143 1204 5
1499 607 15
602 1502 7
1125 620 12
66 1335 4
1823 1076 11
378 928 20
1754 962 6
1892 1025 9
1497 1106 7
118 554 12
1668 1299 6
337 631 12
226 735 8
1753 1806 8
1540 1440 8
144 666 11
1263 734 5
1525 1807 9
707 668 8
1478 25 12
572 5 7
1790 83 7
645 1362 20
172 1287 7
255 816 7
1127 160 9
367 1572 8
120 396 9
1253 370 4
1332 1425 8
309 841 6
185 883 12
1155 808 7
206 1796 5
154 332 4
617 933 20
671 1269 4
765 1251 11
289 72 8
328 851 18
1529 440 7
1861 916 12
298 964 9
1088 732 9
1522 345 10
471 1366 4
1615 1637 4
707 1659 8
1217 881 6
314 584 6
1242 686 16
281 1718 13
266 1881 5
868 1728 7
561 404 10
223 1027 6
1350 1464 7
677 186 7
1534 729 6
1508 1117 11
1837 730 7
143 307 15
105 1033 10
1343 1300 7
1652 1830 5
1577 962 8
1844 1079 18
897 304 16
421 1927 11
1002 1459 7
830 1587 8
819 70 5
395 1566 9
728 554 6
1872 1464 6
566 394 9
511 383 6
536 1093 9
993 1306 9
1928 371 12
1608 1167 7
1937 303 11
1536 1928 17
1809 226 7
1510 841 4
716 1509 7
1043 1457 15
583 453 12
17 1895 5
420 1553 8
681 165 9
1715 482 7
635 227 11
746 939 12
681 1214 12
1433 673 4
727 226 4
673 1224 8
1621 1539 6
958 612 11
428 1679 16
1724 553 18
1811 700 4
1614 678 18
1263 1442 7
1038 775 9
9 538 11
1292 1343 7
1187 1123 7
699 889 9
1909 1785 4
1447 796 7
1013 659 4
559 1534 5
1611 919 9
674 1231 7
515 1087 20
527 1372 5
805 503 9
1721 65 12
1219 945 4
1231 1557 9
1412 226 7
1819 1453 6
20 302 7
1842 698 15
1065 839 5
1280 299 8
131 1459 6
723 132 7
90 809 7
621 34 11
1334 1337 16
58 1641 8
845 865 9
376 117 10
742 424 8
1114 649 5
1140 1420 6
1435 749 8
1030 643 27
140 1899 10
1308 667 9
1058 4 8
478 1036 7
1262 1002 9
859 99 8
1433 1713 5
1228 1732 15
920 1738 12
444 498 11
148 932 4
380 457 10
1324 1635 6
1552 1449 6
601 1302 8
1843 814 8
1520 1618 5
1246 878 7
265 1746 7
1243 229 4
832 1587 12
635 315 10
177 1485 4
1892 97 12
1270 1196 11
492 1195 8
400 576 8
1870 236 17
458 727 4
1131 1572 4
1221 1691 9
1498 399 8
1861 257 6
1369 1214 28
174 919 9
978 147 7
1473 1246 9
1765 428 11
1654 92 7
1634 643 7
1499 1553 6
251 954 7
681 1886 8
967 1006 9
683 1516 11
1070 159 7
54 1392 7
839 984 4
300 1779 11
737 1812 4
656 417 7
231 545 5
877 554 28
503 1292 9
858 1742 18
687 1827 4
1210 1214 6
842 1264 5
461 1264 5
723 1217 4
1659 1389 7
1107 1186 7
13 1142 8
1351 1109 4
709 1581 15
1916 981 7
1803 759 7
1089 268 12
137 686 30
1050 873 12
665 1499 6
1399 1906 4
197 1196 6
1642 1422 5
594 239 12
1845 856 12
78 173 5
1766 243 15
1681 595 11
1087 1859 4
691 916 9
1926 1052 6
1213 180 5
1439 647 20
419 60 8
847 782 6
1042 1372 5
1370 149 27
1914 1008 5
686 594 6
1377 129 16
910 1688 6
202 1095 5
1825 625 12
971 222 7
558 1828 6
1879 748 7
949 278 9
1680 1090 7
1532 930 6
190 37 11
900 1421 10
1304 504 9
1789 1780 6
867 661 8
541 1387 6
1466 1592 4
819 1401 8
322 837 7
1926 1510 7
995 898 6
660 1146 7
1707 1045 16
822 696 12
233 849 7
484 1514 6
72 1069 7
1295 1529 7
1838 1496 8
1894 1142 8
1003 1040 4
1228 1732 12
1522 611 12
1083 1683 12
236 560 12
552 820 4
463 1115 9
208 1433 7
606 695 9
686 901 7
1793 731 7
586 1003 5
1610 421 4
987 1230 4
819 1053 4
53 151 12
674 419 30
593 186 8
374 408 7
1469 725 20
1371 1864 8
998 513 9
267 1704 11
1504 357 7
1135 227 7
1173 703 8
668 1470 15
397 204 10
228 1117 10
1087 1008 6
1540 1735 15
1060 570 27
925 1156 5
140 365 12
1070 394 12
1856 151 10
73 678 7
1081 1872 12
604 1172 11
1837 1090 6
196 48 4
152 887 17
555 311 6
449 756 12
1720 1752 12
1415 889 12
147 1757 7
854 1223 10
1228 544 20
530 412 11
1287 1787 18
406 974 10
837 578 7
355 2 10
680 1693 8
495 808 6
803 715 27
955 882 11
691 1665 28
1627 933 6
1193 365 28
1309 1098 9
1920 445 6
203 1417 5
75 28 7
1013 1649 8
1419 698 9
630 204 10
1220 559 8
1747 620 7
779 1644 8
753 408 10
20 403 10
294 1165 12
1625 1536 11
1230 873 8
1819 111 12
179 50 7
1668 849 5
1649 534 6
1513 912 4
398 280 11
1429 857 7
190 683 7
1225 1562 7
1348 873 10
1519 1760 16
852 1772 16
238 977 6
1386 1334 9
1706 1166 7
1739 1436 12
259 607 30
1169 1384 10
1276 1519 12
654 1491 11
1520 1416 18
1544 1696 7
1753 172 7
1048 742 11
1783 305 12
1091 80 11
1058 1281 30
1737 1484 11
751 811 12
1588 444 16
1154 904 4
1798 277 17
1361 1674 8
1094 180 4
764 678 7
542 1467 7
160 1266 7
1407 1418 20
459 1799 9
545 414 5
1085 129 8
1121 1832 30
834 1755 6
894 1466 8
1377 1073 5
338 170 7
1623 393 6
1806 655 28
1807 270 8
629 933 12
1883 1102 9
398 772 7
1212 1293 7
640 885 11
538 778 8
1849 726 6
391 1480 5
1579 1592 8
1086 1186 5
1607 21 6
344 85 6
1256 655 12
1107 405 7
1139 937 7
1456 1651 4
448 873 12
1862 24 12
363 446 11
826 211 18
1282 820 8
1465 803 8
164 468 12
401 1033 6
1373 1461 11
337 1206 18
776 1747 9
1060 980 19
1684 997 11
21 1137 7
1702 248 9
625 1817 27
747 1197 12
1325 1028 8
432 122 8
978 1278 8
1694 1912 5
1074 1441 10
1600 1524 9
1457 588 11
1813 1204 8
249 1276 9
595 655 12
129 1901 4
884 954 7
884 811 8
766 1744 8
48 929 11
107 60 12
517 1015 5
936 1237 11
11 558 5
646 1454 4
39 1606 11
371 377 9
1619 794 8
1392 1288 5
145 803 12
1144 1241 30
1655 42 6
1428 983 11
631 1360 27
1400 1481 18
1602 69 5
827 326 12
1371 400 11
1577 436 6
1864 1396 16
950 985 10
493 1762 5
458 1095 8
12 702 7
1679 870 10
911 844 12
464 837 8
108 757 11
687 1688 6
515 654 15
306 1611 12
1177 1591 11
300 365 8
1385 1833 27
20 1427 6
1453 1428 30
676 1538 16
1663 982 7
856 1849 9
747 1450 9
1083 1683 15
287 1752 9
802 216 18
119 285 12
1883 869 9
261 410 5
1796 311 7
789 1394 4
109 287 20
1687 602 6
1533 230 7
1468 1324 9
706 1260 18
1096 1574 7
1838 1346 8
654 355 12
855 1477 11
633 563 7
1006 588 8
832 634 9
656 702 7
1814 999 6
330 473 7
362 1314 9
1396 1549 11
1361 1137 12
1511 950 8
1160 451 4
680 9 7
518 587 7
143 1832 15
863 787 18
1926 1222 5
563 1381 7
1318 1617 9
736 777 6
22 1306 11
1630 1441 6
201 946 8
1452 885 8
696 1236 7
1818 1357 9
1203 77 7
601 1510 4
1432 330 18
649 1160 5
874 1828 4
1310 1706 20
1221 85 9
201 406 9
629 201 11
1749 1857 12
4 1402 10
1204 749 8
471 1485 7
1668 731 7
1440 32 7
185 227 8
1428 248 7
220 429 10
520 1475 11
1727 359 9
1860 537 8
875 1397 11
905 1186 5
142 1482 16
1815 211 6
1580 613 4
1132 1572 8
847 1019 5
567 1012 12
1348 204 6
154 19 4
1714 1207 7
912 336 4
724 1367 7
1797 163 12
1612 329 8
62 192 9
11 495 17
459 212 11
883 192 9
51 1166 8
52 569 9
36 1123 6
211 1779 7
599 1216 15
1374 849 4
1000 1671 6
1543 1622 12
1514 1156 6
206 642 8
976 187 8
180 1812 17
1317 42 20
88 1390 17
460 747 7
789 995 10
149 1672 7
998 1018 11
110 46 5
596 1196 8
20 878 6
492 1639 15
1630 587 19
405 1196 6
986 1508 12
989 1697 8
1852 499 8
1213 684 7
1593 1463 10
793 1417 4
1589 732 6
1212 789 5
952 630 7
907 864 6
1766 40 20
1103 1383 18
672 1508 6
364 307 16
166 766 4
711 1666 11
178 274 7
1110 523 6
108 329 12
1761 505 10
1657 63 6
1633 796 8
1565 814 5
1806 33 7
1581 827 11
861 358 6
902 776 7
670 741 27
1727 1434 18
728 1023 8
885 1372 6
1473 878 7
175 1385 11
1793 1748 8
345 991 11
890 1156 4
1128 816 7
1332 53 12
1175 1365 7
1367 499 7
635 185 11
1307 1519 11
800 679 12
1657 1141 5
395 876 10
291 1562 9
192 1775 11
141 342 17
1409 361 30
564 1820 12
1161 1803 12
1767 1236 18
1197 1261 6
1590 591 11
1556 1355 11
784 1622 9
996 552 6
1208 1319 15
1110 999 7
401 298 12
614 636 10
1051 1033 9
1701 418 7
1230 1840 8
1107 1836 5
1524 864 8
1078 454 4
1208 644 15
921 1042 7
1723 1741 8
3 954 18
356 379 11
1164 1375 8
1722 1242 11
1251 1214 12
318 1743 6
335 352 7
1556 49 12
892 1306 11
1165 49 11
1356 1015 7
333 537 6
1056 56 5
1696 90 11
1499 1698 5
777 129 5
10 1167 27
781 1823 8
255 1834 15
475 1005 7
1004 1340 5
1759 91 4
637 986 6
1512 641 7
1933 23 8
366 1718 5
708 891 30
1806 1737 9
240 326 8
1486 130 6
135 899 30
860 436 12
1678 77 5
1396 831 7
702 1481 7
1654 1638 5
196 929 6
1710 983 19
785 308 19
711 1683 6
444 1588 8
1064 253 8
1123 697 5
422 107 30
963 1300 19
1045 1234 4
1936 936 8
277 1361 11
1597 950 11
464 990 12
506 1493 4
1376 1712 8
334 88 12
1416 1237 8
1408 1254 11
1398 1405 11
9 1242 8
1065 1166 4
713 1755 12
1936 730 7
1470 1644 8
1351 1101 6
642 1914 8
1404 774 7
1675 561 16
313 1286 7
512 1922 8
1822 1906 8
1682 1376 5
1203 265 7
295 1796 6
1404 397 8
128 248 9
1766 243 12
813 403 6
1843 1669 4
907 83 10
406 608 28
624 702 7
647 92 5
1678 391 8
1048 1606 8
1936 19 8
1016 47 6
173 915 17
1115 1665 12
862 366 6
1826 165 9
68 1720 18
1318 146 12
617 974 12
1444 1382 28
1218 1912 8
121 1202 4
334 1679 11
1669 1387 8
461 961 6
1475 1728 9
650 88 11
805 1490 8
1056 367 8
1613 27 7
1099 361 11
240 1581 6
605 1402 6
1597 570 12
199 1746 5
214 1391 8
1270 437 4
499 508 4
1455 451 7
1556 1381 7
187 418 11
288 627 7
1505 1333 7
1410 1021 7
802 409 12
1187 956 4
959 430 9
1685 1402 12
951 595 30
407 1910 4
901 1693 11
1128 1376 6
744 446 11
462 136 8
1222 1158 6
411 885 6
1271 473 18
229 1071 13
348 537 8
1521 827 8
1905 264 8
1142 326 10
1319 1655 7
1424 1644 12
964 162 11
604 291 12
1898 464 9
855 1406 7
1408 1528 10
1443 1187 7
1573 1561 4
1734 1170 12
781 811 12
276 427 11
82 1301 30
1143 525 11
590 317 12
1272 946 11
650 1507 7
1657 1269 4
533 1277 4
1841 1378 4
755 356 9
1894 660 6
1832 750 7
757 1382 12
339 582 7
909 1846 5
437 1186 4
1250 739 9
1784 678 11
1698 890 4
1894 89 12
601 1884 8
1304 567 12
1494 177 8
1126 941 8
1465 374 30
1850 1040 8
358 836 5
402 954 7
1304 76 18
1504 326 8
1190 1770 16
147 1126 7
1440 1592 8
367 523 17
174 1332 9
1707 1814 20
1687 1886 8
97 733 9
1229 1742 7
1658 1257 4
319 1399 8
807 1229 9
1769 1312 15
1291 717 6
887 241 6
866 1590 17
1515 39 11
1717 1876 12
67 1413 20
918 802 7
615 1645 8
932 1234 6
487 960 6
404 425 8
642 1113 5
1890 1896 7
773 721 7
1653 1605 30
639 892 18
624 1402 8
1025 606 12
1103 718 12
86 815 6
1623 393 12
1709 926 7
7 973 6
64 1084 12
300 698 7
388 811 8
681 1105 7
28 138 7
413 1321 8
447 931 4
1202 1485 7
670 578 19
491 970 11
282 254 6
1437 105 8
1920 943 27
1211 940 6
585 73 9
8 1241 8
538 1242 12
1476 837 18
1174 1011 8
1232 1038 9
1454 1646 8
615 1677 7
1329 1215 10
763 1258 8
1284 928 4
1301 1636 8
1482 113 10
778 158 11
1341 83 6
1316 1621 7
1550 1704 12
1438 779 7
699 569 11
430 1382 12
1507 1390 18
688 910 6
1666 1103 12
258 835 27
102 433 15
207 340 7
1303 1845 12
1829 588 6
493 1452 18
1862 350 12
1874 300 15
1654 1073 4
1127 871 12
1393 682 6
618 1864 11
692 833 8
317 2 9
1673 374 8
191 1134 9
1592 1294 5
1769 1188 6
932 413 7
321 1767 11
1192 179 4
1267 1449 20
828 906 6
866 924 27
1409 855 12
1932 60 28
1728 31 11
1846 1036 6
777 724 7
361 1606 12
1900 355 16
1435 1615 4
1143 653 8
1583 892 19
418 695 11
143 190 15
948 1253 4
579 924 10
1106 431 6
2 1227 8
807 1742 7
802 409 6
882 1349 9
37 1726 11
153 1145 11
520 1624 12
896 1274 7
616 330 8
1838 1569 15
1030 955 17
1827 915 4
1527 852 12
524 1090 8
1877 1108 6
1195 910 10
1748 331 8
674 958 8
1630 685 11
1759 1836 13
1739 385 9
1869 315 11
778 901 6
1642 383 6
914 1710 12
55 1455 8
1433 1906 8
1923 611 8
1921 1224 5
1645 332 5
1764 1606 6
1002 131 7
1336 1693 6
879 241 4
1816 885 8
718 655 9
224 1615 11
1543 1856 30
1259 1149 8
112 1755 7
1273 750 10
115 204 12
1846 1213 4
1353 795 9
1513 1916 6
1782 804 9
909 1378 4
1570 1069 6
75 31 8
558 1474 8
974 1715 11
1815 1842 6
1839 1804 4
1548 1242 12
270 385 10
497 1011 7
1667 505 4
1032 1242 28
1095 1809 6
578 1519 11
62 1135 9
111 1532 7
1784 1124 6
668 1219 15
1639 892 11
1426 358 4
568 1855 5
880 721 6
1890 1296 10
1535 1085 8
477 429 7
1803 1244 7
1386 1825 12
455 1003 4
1737 33 7
328 1336 12
1314 884 7
650 1180 9
1351 1166 5
81 1171 6
768 1163 16
4 702 11
131 964 10
1657 1935 6
844 403 9
980 165 11
1292 1490 11
1335 700 18
1453 324 8
1253 622 5
209 740 11
601 1664 8
311 1153 5
1556 563 10
1333 745 6
298 1835 18
1884 309 6
1146 13 9
8 1568 20
1605 1588 12
1336 114 19
1125 1715 10
230 681 11
845 1720 17
767 729 13
115 1801 20
1721 450 18
1769 447 8
927 359 12
789 1123 4
661 750 6
1077 1627 7
1009 1717 9
1055 1063 5
941 1159 5
1072 1024 12
1515 106 27
1898 1596 18
55 1576 6
1143 1032 9
1575 224 4
1062 1644 12
1259 1726 11
965 471 7
1483 212 16
619 676 11
93 1493 7
1735 940 4
411 1305 7
1114 1735 19
1350 4 8
1377 767 7
1258 1676 10
1357 34 8
512 1489 7
1146 856 11
760 1792 27
1220 1073 8
669 211 7
1550 1413 12
1010 735 8
1682 1138 18
1396 1864 8
1834 1885 12
1298 1173 5
700 1387 8
1602 825 7
1249 1725 8
709 1848 15
821 267 8
266 879 4
1089 512 9
1283 1641 27
580 238 7
628 1351 16
1038 344 8
480 277 18
575 1091 18
515 143 6
594 835 10
1338 1589 8
320 1421 7
917 980 7
1257 735 8
171 1644 6
324 930 7
151 1179 11
374 1528 8
931 389 5
1024 1915 12
6 1490 11
1446 705 8
580 542 15
476 1193 8
317 355 11
1806 1683 10
442 83 9
1177 1922 12
217 17 4
761 793 11
296 648 5
1328 1045 7
1568 773 8
435 177 5
409 487 27
262 608 8
1910 5 5
1129 1214 12
1137 1191 6
1085 1377 7
599 1225 15
449 1163 8
325 1686 7
1074 548 12
1469 580 7
963 1250 9
1199 359 10
641 38 5
221 1665 10
882 732 9
1180 1373 8
1129 165 9
1506 998 12
1060 1752 11
488 78 4
501 1526 11
327 1561 5
1831 1795 11
628 987 5
158 1244 8
65 516 6
496 35 6
630 837 6
1657 1141 4
862 872 5
1917 1573 6
925 336 5
116 551 7
1800 117 8
363 1609 7
658 1326 11
773 309 5
1165 1528 9
1192 32 17
1782 1780 7
1 215 12
478 1586 6
737 814 5
913 1097 7
1532 248 10
1301 85 7
159 566 11
1269 1935 8
1754 1039 6
1623 342 18
1764 52 12
1230 1109 6
523 56 6
918 781 9
1874 1270 5
148 791 6
709 1111 7
1541 309 8
171 1702 12
1472 1437 9
1235 327 4
1115 1268 9
1661 505 4
718 1468 12
1826 457 9
984 808 5
12 656 9
1860 904 8
607 1585 11
742 1606 12
1465 521 7
128 1896 12
1338 1588 12
948 51 6
1750 1301 15
1866 1102 11
1020 1428 8
713 456 10
1684 1352 9
867 491 12
193 1701 7
1932 330 7
362 379 10
1246 20 7
691 138 7
786 91 7
707 1077 8
1461 156 12
21 1014 10
1575 1615 6
1103 897 9
1661 1570 5
1596 1801 12
1111 1372 4
882 1555 8
1030 1621 9
1525 315 12
1632 295 8
576 306 11
631 850 6
1414 695 12
1336 1551 27
1423 57 12
1010 202 4
846 1479 7
1513 336 4
549 1523 12
390 1851 9
1689 1124 15
1697 825 7
378 361 15
1513 1156 8
1794 1836 6
763 1639 30
502 1224 16
1780 664 12
184 522 8
130 1472 7
543 698 9
1373 518 11
1606 607 16
524 69 6
33 1383 7
1277 1935 6
1455 940 5
1406 1585 7
1033 1607 16
208 1053 20
1330 794 7
1409 259 6
254 1171 5
1354 1628 5
1206 312 12
1601 63 13
265 735 6
187 1077 6
1255 1445 11
1308 365 12
684 478 8
1391 92 5
1400 1081 12
482 620 6
1310 622 8
628 906 8
169 1586 8
1216 1281 11
994 1334 11
1295 1124 10
1597 985 9
1890 1163 12
1317 1384 15
278 329 16
1874 341 8
1750 1774 5
1929 609 9
1524 1907 6
1492 735 6
1116 315 8
993 436 12
1169 425 7
387 408 15
1702 1297 12
1574 1829 12
1347 698 6
928 505 6
665 1839 7
1652 333 8
1219 1222 6
809 788 12
818 1657 8
1180 529 12
10 1047 9
640 381 4
35 95 6
600 91 5
1863 1272 10
1797 114 18
46 155 4
1296 1896 7
145 292 18
57 1380 11
1586 1133 5
1314 379 8
1234 56 4
1012 1044 27
781 960 7
1005 1885 8
208 1556 8
585 678 7
1904 96 6
537 136 6
15 679 9
1887 897 12
585 1124 10
1937 577 12
62 1380 8
1787 1326 12
1225 272 11
475 1675 12
1823 356 6
198 318 27
1165 1716 12
384 1900 11
611 1923 16
45 700 7
196 180 7
306 1152 8
888 1900 9
540 1769 6
43 1881 8
125 1315 5
1364 889 10
349 256 30
78 1305 6
1802 795 7
655 1598 16
1393 124 6
1692 455 7
1797 525 9
62 285 11
1566 569 12
1819 1046 8
927 745 20
742 569 9
551 1899 12
1404 828 30
540 1082 15
1412 1492 4
199 735 6
1032 901 10
1307 795 12
1567 1023 11
120 963 6
1911 347 4
260 1672 12
444 732 7
647 499 6
599 104 7
333 534 18
103 855 9
138 994 7
1771 1870 11
1800 1789 8
1735 101 10
237 977 11
689 1190 7
463 994 19
510 1503 6
320 972 6
80 1432 8
1882 429 4
1076 811 6
1494 209 5
774 1898 7
1914 1796 7
1912 1770 16
850 1360 7
1056 23 16
1587 279 11
191 1781 11
289 1063 7
580 719 7
360 531 8
536 485 27
492 176 15
1192 649 6
567 834 12
1638 1908 7
569 1781 16
251 356 10
424 1406 11
1041 1711 6
944 1847 7
1601 938 6
1644 1428 16
1438 768 12
1126 761 4
1851 590 12
1551 1024 6
176 1730 11
1670 1476 11
351 1515 12
1650 1616 9
585 364 28
1347 365 10
719 238 4
223 18 6
231 1322 5
255 346 8
109 457 15
1752 1214 11
533 86 20
229 122 4
254 945 8
1128 1293 5
1032 1803 9
1279 893 7
934 1583 12
1501 938 4
1026 338 30
1702 983 18
562 1526 6
1516 318 7
1859 295 8
1175 1102 9
1501 689 8
196 1565 8
337 1342 9
760 1009 9
593 677 6
176 817 6
507 1644 11
780 1643 7
283 1571 18
415 742 9
1515 1585 19
243 636 11
979 1432 11
1262 964 10
1660 1586 6
1219 1395 4
257 532 7
1662 1209 7
1318 547 7
869 1564 9
297 1049 30
1279 807 8
1903 332 8
1438 1663 8
1176 307 30
1182 1728 12
1231 575 7
1439 976 5
812 99 4
1310 1241 8
1626 736 5
663 725 4
1166 1442 4
1841 1586 4
783 129 8
296 132 18
1578 1770 8
429 1008 6
1497 34 12
1307 204 9
1233 225 8
603 1509 7
394 34 16
1292 1169 7
1580 1035 5
409 1831 19
1303 1463 9
1351 370 13
1281 1402 12
1241 873 12
417 1043 6
579 314 7
557 848 6
262 1747 11
1859 1120 4
1891 1796 4
484 1661 4
973 41 9
1469 1086 7
626 1481 11
862 936 5
1620 999 7
593 1003 15
1180 548 7
1218 1062 8
1181 1379 6
1507 1630 6
297 1279 6
1348 837 11
275 858 11
132 1196 8
388 232 6
1425 1157 10
1749 1732 9
501 243 6
208 266 16
1554 1170 7
1262 1459 7
1475 519 8
1192 557 8
1366 1071 6
574 1145 11
1622 157 7
1794 613 4
589 738 9
307 364 8
1705 311 7
844 1487 18
1778 874 8
112 504 9
1742 1434 7
22 1258 9
639 1734 12
906 1241 11
1055 289 7
1787 1460 11
163 258 12
480 401 9
965 358 8
313 122 5
1569 529 12
1470 1528 8
772 215 6
431 560 9
1120 429 8
759 1244 6
1609 170 10
102 1690 5
642 16 18
84 1541 7
1407 356 12
868 535 6
1772 1505 6
120 963 12
307 1124 7
610 574 12
580 1794 20
435 358 6
331 1299 4
696 633 7
409 751 9
183 1546 10
1707 1581 8
876 106 7
1908 1534 8
1379 6 12
605 1400 12
111 1518 11
450 726 12
770 529 8
165 950 16
1824 1238 7
1239 1437 11
583 507 12
665 1077 15
1563 1401 6
1850 96 17
538 1024 7
532 625 11
593 1141 6
645 502 8
1370 1672 9
177 122 10
316 1518 11
292 1664 12
1278 469 7
644 270 12
1749 1444 9
937 1517 7
1075 1727 12
1772 1434 11
653 1244 18
1587 794 27
803 1664 11
1012 274 9
755 604 12
731 421 5
272 811 12
1260 1320 7
1546 353 11
1673 266 6
554 190 16
1028 673 5
1479 1495 4
496 1631 8
542 303 12
312 1382 11
1855 1709 8
842 823 8
388 1501 7
816 347 5
74 915 4
247 1189 7
541 1133 8
923 486 12
1320 740 8
1000 1924 4
1469 1049 15
26 1736 12
460 116 9
186 1904 7
273 823 6
1167 1047 7
457 94 11
947 1029 11
1378 1108 6
1362 1325 4
1315 186 7
1091 1458 12
14 551 12
686 1242 8
1073 129 8
1451 202 6
342 41 12
133 613 4
441 1021 9
1560 1141 8
792 92 6
1428 1890 6
157 831 10
1252 964 15
924 314 7
1507 1630 12
936 1897 8
1083 1635 20
1558 741 12
1713 1895 7
1738 1655 9
97 1715 6
644 1047 7
791 56 7
1096 1370 11
188 182 8
790 1526 8
169 1378 6
786 719 8
1706 495 6
1263 1101 4
1685 967 9
1736 174 9
983 768 11
698 1261 11
1923 1487 11
29 1829 8
424 1606 10
616 60 6
319 673 8
1533 94 8
1204 1632 7
1454 1113 8
449 1438 9
1168 258 11
1547 364 12
567 1907 9
400 1864 12
159 611 8
656 1445 11
1207 179 6
382 224 8
753 1528 28
310 1131 15
194 1629 8
1422 872 8
1919 1240 8
1721 65 6
95 1631 7
1408 1236 11
1085 1073 8
1793 797 7
1907 1790 16
1 1259 11
743 608 8
1725 1078 4
1866 1381 12
449 1663 10
1698 1628 8
1263 550 8
1804 407 6
1158 1052 8
258 851 17
1545 1246 12
164 543 11
56 1264 4
727 77 4
193 946 11
677 125 8
743 1535 7
1044 274 7
220 210 8
562 1766 6
504 840 16
259 415 7
1443 1376 8
203 1010 8
922 1934 9
1540 1913 4
467 910 5
1179 1152 18
1221 775 11
1345 1606 12
1716 1381 9
1653 1589 8
256 1384 7
1846 700 7
1108 1194 7
1360 1100 6
1503 683 12
613 91 8
1842 468 20
1928 377 12
64 482 12
808 38 4
1332 1174 9
396 1885 6
362 960 12
1763 340 7
1060 1129 9
1886 457 6
1613 1820 8
55 101 4
599 615 7
108 1857 7
530 1789 27
1745 1176 6
317 1840 9
1450 1419 12
1607 1835 11
216 1418 12
785 1775 6
134 1900 11
130 760 8
1572 1933 5
707 1568 20
1515 876 6
905 613 5
1323 369 7
390 1928 18
755 1831 18
815 455 4
707 906 8
1350 142 9
1564 715 8
1931 1037 8
405 829 8
1811 814 4
1213 1194 6
251 811 28
1735 1027 5
125 1578 4
465 146 8
434 1026 6
697 780 8
597 811 8
874 38 4
1049 852 12
575 958 6
757 1398 10
168 804 9
258 1808 9
651 1920 12
934 1862 18
1470 873 8
941 77 5
1426 740 8
963 1810 11
59 1044 8
1337 528 10
619 1333 12
785 1436 27
672 330 11
1369 457 10
1074 722 9
103 1406 7
1735 1785 5
1531 436 10
68 1210 9
922 60 12
1761 110 8
1019 782 6
189 805 11
1268 494 12
712 1424 9
1814 56 5
338 587 11
576 1864 10
579 1856 11
509 864 7
1086 237 5
1781 1134 10
268 144 12
1396 579 6
1399 70 4
463 1758 11
562 1410 7
1051 245 9
1717 293 8
1059 525 9
877 683 10
566 813 8
637 330 6
1651 1028 4
628 654 8
1031 775 9
545 647 4
294 1102 9
1511 1533 9
1078 1462 8
1543 1429 6
496 896 7
1317 1384 12
310 288 6
1377 499 8
789 1690 8
1673 1433 6
1373 170 6
915 910 8
405 977 4
604 1656 9
1692 1040 8
1678 469 10
1397 285 9
785 1869 11
101 1160 6
1205 1135 8
1447 357 6
733 608 12
1450 211 8
1034 979 12
1386 1728 9
589 1700 9
163 239 11
812 173 7
717 198 8
758 1358 4
594 1808 7
1036 1446 5
1342 949 12
1844 804 9
1319 1834 11
1830 35 8
719 881 4
373 1552 7
44 411 7
1061 520 18
433 457 7
641 1828 8
824 1812 4
1874 1428 15
368 852 11
1846 48 4
756 316 12
189 42 12
990 1519 9
1899 826 11
1501 455 7
280 161 10
1860 1420 4
602 433 30
1574 605 9
1310 1109 5
644 1167 10
256 1885 8
778 1244 11
31 1198 7
1439 767 16
1640 894 4
627 1110 7
643 1621 7
1792 1876 6
624 1350 11
1890 1062 11
797 233 7
1259 683 9
965 122 6
1497 1522 11
1820 1034 6
233 1791 8
1061 1729 9
1895 1362 7
1049 275 10
775 1591 16
1363 1452 7
886 37 18
682 750 12
583 128 11
587 428 11
665 1824 15
682 750 15
539 1425 11
1816 748 7
1838 93 8
928 981 8
97 418 19
1535 508 7
540 21 15
1441 1067 7
532 1061 7
1747 695 9
1843 1108 6
1750 737 8
1536 1227 27
1280 1849 12
857 400 9
1195 1372 5
1533 165 12
1328 999 8
564 60 9
1903 1718 6
1810 1885 11
1289 1633 10
500 436 12
1667 1514 8
1783 1538 11
1609 1267 6
147 1658 20
896 462 4
524 383 8
247 1782 9
640 1889 8
1702 768 9
606 974 9
419 1824 6
706 1299 5
36 766 7
939 1741 27
972 85 15
1594 646 7
450 801 12
684 180 7
178 891 11
1745 1547 30
1266 372 11
1332 497 10
577 598 27
1563 1603 4
862 1396 15
397 837 7
176 146 8
1462 84 7
877 1057 9
1238 1458 6
1027 649 4
947 380 7
760 162 6
93 904 4
1559 501 8
101 1118 4
1682 1744 6
1010 469 4
352 1573 4
1390 1449 12
41 1636 11
1048 1406 7
1755 1776 12
1692 586 8
908 864 18
591 314 12
1917 769 8
239 1868 10
1114 1160 4
181 112 9
1700 127 12
999 1344 4
893 372 9
1043 1457 12
259 1515 8
79 699 11
752 320 7
805 1655 12
813 611 10
1344 1131 4
73 1295 7
1499 419 15
377 1840 11
1753 1598 30
1161 1548 30
1112 1405 11
1471 1588 8
1439 1220 5
168 364 12
26 1736 6
1851 1840 6
726 801 9
1084 629 17
1879 910 7
1834 6 10
944 1171 7
1667 1354 4
1783 360 9
777 1654 8
1838 757 15
1700 516 10
216 1773 11
886 1726 9
913 1451 8
981 714 8
331 233 4
877 1023 7
269 1223 6
1216 149 10
1737 810 7
1765 446 8
920 1885 9
175 969 9
1004 1320 18
535 1788 11
1385 772 9
1342 1382 6
955 279 12
425 1655 7
292 1066 12
774 1353 11
81 1219 8
1067 548 6
1575 369 7
1224 17 4
382 429 4
1817 1488 7
1799 643 8
1366 1202 8
848 1027 18
471 1374 7
539 866 12
71 1785 8
541 929 4
443 295 6
146 176 16
510 683 10
1186 1392 7
208 1563 4
975 962 7
1521 1234 5
599 1903 20
696 1767 11
1600 1550 18
1803 653 11
1750 1598 15
374 1695 11
1908 414 5
1243 836 8
269 888 9
1318 501 8
8 1249 7
375 1463 12
174 1864 12
690 494 7
694 551 6
1435 295 6
1081 113 9
476 300 30
135 344 8
1127 1538 8
863 85 9
57 1608 7
730 1924 5
1495 613 17
652 1477 11
902 406 8
786 1479 7
688 687 7
992 196 7
494 693 12
990 204 9
565 1170 8
764 364 8
1165 252 9
375 726 20
112 1341 8
960 1703 12
52 1585 18
598 1467 7
1328 23 16
623 1830 4
1932 1508 10
1537 1412 5
816 399 5
221 1728 6
1282 838 6
1104 1817 7
283 1375 12
1270 132 7
1113 1740 8
1362 1881 7
1903 592 4
1111 1305 4
448 1519 9
398 253 12
1355 321 10
1666 33 8
1195 568 4
1720 903 11
820 1022 8
797 1556 15
992 594 15
141 1421 27
1798 1137 9
1634 710 6
1583 1554 6
846 1794 4
1698 1514 11
484 407 4
1006 1872 8
363 518 7
718 1708 12
823 999 8
323 311 7
376 997 8
1898 670 12
76 504 11
54 1875 6
422 672 8
591 831 9
1218 533 4
1567 683 6
591 1179 8
899 1636 12
1190 1578 5
1725 1389 8
82 1232 7
1258 574 9
1705 369 7
1346 35 7
1174 497 8
477 123 7
420 981 5
212 1799 10
489 1203 6
92 414 4
10 553 17
591 919 11
1008 1113 7
1813 1491 15
265 793 4
119 1436 8
1189 1648 9
1205 785 8
322 873 8
1473 403 10
1168 328 7
1626 792 17
1804 1063 7
1731 1921 6
716 995 7
1893 451 5
1270 829 8
167 1746 7
637 1508 10
622 808 5
391 1871 5
605 702 8
1558 873 9
797 1497 15
110 714 5
1251 150 10
1888 1701 11
1930 403 9
926 688 4
593 671 7
1111 812 4
112 1907 12
565 975 7
198 1516 6
1545 813 8
590 750 9
1211 18 8
1076 755 12
942 486 10
227 308 7
1412 761 4
168 376 9
221 1729 11
1619 1471 7
1876 1215 12
911 611 6
1046 171 11
1321 1933 8
1520 701 8
978 1788 15
1566 876 8
65 1359 27
8 707 8
1886 917 11
64 608 9
71 649 7
1608 1178 6
1099 1781 12
483 248 12
913 761 5
1275 1634 7
1148 1378 7
1154 1130 6
1219 944 5
1489 1007 7
1040 1578 5
540 462 20
1648 678 8
1338 1853 7
1600 267 6
1063 336 17
707 1926 6
849 432 17
1375 833 27
1829 1872 27
1089 1699 10
1423 635 8
874 1828 5
972 85 12
645 208 4
937 1658 4
160 676 12
1412 242 6
1384 571 11
1823 811 10
198 234 11
1431 1175 11
1230 1778 8
201 1627 12
1936 1856 15
718 304 11
1061 463 6
1346 1274 7
27 60 8
998 146 9
722 428 12
1625 90 9
1759 723 5
1555 710 18
297 1229 12
556 276 17
434 363 12
1599 584 20
303 1786 10
790 1506 12
791 1933 4
397 952 9
423 1108 5
458 226 7
283 1375 6
1489 1636 8
906 1760 12
1639 436 8
1542 1881 4
187 974 7
723 1392 6
856 450 17
945 1222 4
1854 1650 11
1062 316 10
1321 1328 7
288 23 5
267 1184 9
575 958 12
771 1741 7
862 1422 8
1892 629 18
509 83 10
1415 889 15
893 305 11
1793 209 8
1862 22 11
1190 1601 7
1250 1885 12
1863 608 12
452 1387 6
1564 1431 7
1136 112 11
269 377 11
486 1380 11
359 445 11
246 1588 12
1824 107 11
1314 1795 12
118 1726 9
1768 299 11
4 605 11
1298 1351 7
1273 124 7
672 60 10
1178 853 20
1381 1066 6
1750 824 5
1570 1055 4
967 588 10
1734 1650 12
1399 1401 6
1193 698 10
709 1827 20
1020 125 6
1349 710 7
8 1725 8
1823 954 11
1571 762 11
866 314 9
1815 598 7
1858 1290 8
920 561 11
784 1152 7
1208 956 20
91 1836 6
1216 1672 7
736 92 7
788 970 11
596 237 8
1014 1137 7
1590 618 12
366 1680 7
145 1254 9
1779 667 11
191 536 12
647 729 5
591 784 9
654 1227 10
1279 1772 30
1739 270 11
782 523 7
862 626 15
1001 319 8
1496 1493 7
1499 110 5
1477 1406 18
477 284 8
381 1879 4
1880 18 5
928 1354 8
214 942 8
1248 1853 12
1256 1478 9
530 117 6
558 126 6
1013 537 6
430 278 9
380 953 7
1271 564 12
1570 1313 4
985 953 8
99 1150 11
1583 24 11
530 1079 19
130 1262 8
725 881 8
376 1780 12
1426 421 8
839 38 5
992 1750 6
822 1355 30
352 290 8
254 1926 5
1511 1105 12
400 53 7
1101 1474 5
1305 1500 8
1369 947 9
797 1494 6
251 402 9
875 227 7
1046 930 11
339 1516 8
954 1831 7
1748 122 7
393 1922 27
956 347 8
1845 326 9
78 885 6
839 51 8
1050 200 7
582 969 11
1247 447 5
1596 1307 11
984 1166 6
102 789 8
115 204 15
1540 1114 8
935 236 18
939 1857 9
791 675 5
406 193 9
1887 1708 8
921 488 8
191 1606 9
1319 425 10
286 1022 8
972 973 20
1584 363 9
246 1248 9
1056 1933 4
1218 232 5
515 284 7
731 435 8
1828 370 6
82 393 8
209 1320 7
220 1120 4
800 260 11
339 1726 12
1804 925 8
895 850 8
1875 829 5
332 1671 7
1807 923 12
623 1368 5
1684 556 12
1116 644 6
1080 655 12
415 536 11
1691 1007 7
503 1384 10
1490 1343 18
1924 250 11
1072 239 8
762 353 8
626 1457 7
1925 146 12
550 703 8
1579 1576 8
543 667 11
1430 863 12
1669 1094 7
1877 1036 7
1648 364 6
1304 83 9
1278 1517 7
1185 278 11
8 1062 8
80 1932 9
1401 1881 8
1678 242 4
1012 1550 17
1080 25 7
145 803 6
1724 185 9
247 556 11
1079 804 11
1738 425 27
1749 278 11
1904 1692 4
1429 1396 30
1460 1324 12
750 1223 11
490 1243 7
601 507 8
1424 1046 8
638 488 5
1427 431 20
1002 1674 11
197 881 5
335 898 5
1601 815 5
1874 1107 6
190 554 8
75 1334 12
987 1832 8
713 100 9
1180 428 9
1331 992 7
517 1631 6
1188 95 5
526 5 7
1707 148 5
1197 694 27
126 1155 8
483 453 20
1460 1484 8
1177 1636 9
984 370 5
684 48 5
813 911 11
1241 1670 10
210 1120 4
36 399 4
789 347 5
763 1854 7
1277 815 12
236 431 12
297 1388 8
178 840 12
1301 900 6
574 1754 7
156 334 12
546 1724 7
1691 1636 28
1841 48 8
610 763 6
603 1744 8
1681 304 12
746 1723 9
1598 1383 11
480 760 12
1813 477 8
831 497 11
508 1322 4
121 1320 4
1631 1140 8
1081 1370 12
760 1054 11
194 1675 9
888 1840 12
1053 241 5
1405 1686 18
1244 114 7
382 295 8
1775 1436 7
651 704 18
1273 1840 28
1694 63 4
18 1027 4
502 241 5
851 514 12
411 1889 8
522 560 11
378 1570 8
1312 108 6
871 275 12
269 384 19
14 303 8
1791 1202 5
1629 1885 10
1807 1775 10
680 1551 8
755 1795 9
1605 1878 10
883 1739 12
1414 1715 8
1357 87 12
100 456 8
1523 293 16
8 1355 8
899 144 10
1327 1080 11
1833 772 7
597 1225 6
522 1818 9
1783 852 9
1122 440 7
1342 1686 8
436 1639 16
492 74 5
46 1284 7
1450 365 6
1730 1617 11
1149 1023 18
711 33 11
1153 1756 8
872 592 4
678 1079 7
388 818 8
1004 1426 8
1388 852 10
1800 804 12
916 519 11
1700 581 9
75 1198 8
72 1761 5
546 1397 9
1031 1636 12
323 1087 4
1727 676 9
393 1699 6
1371 1152 7
1444 1732 10
181 1012 11
1283 1238 9
1821 1382 10
1745 73 12
433 1214 8
1845 1359 12
982 756 6
1911 1376 4
767 783 4
1280 1463 9
1494 490 6
463 1198 27
606 64 12
240 1902 11
257 868 30
11 182 8
1218 272 8
1506 1617 9
73 1614 11
1936 272 15
177 1202 5
150 1029 11
22 1616 12
223 32 4
1835 1523 11
396 1343 8
1640 50 7
1307 1476 8
883 285 9
1867 669 7
388 1644 8
426 194 9
1348 464 11
1936 1281 15
1267 170 12
1465 753 8
658 1256 9
52 889 9
1584 518 7
1680 250 4
1345 569 9
1428 1644 8
1230 1263 7
912 1514 8
1579 1160 6
1443 1647 8
1247 931 7
489 458 5
638 910 4
1455 820 4
304 754 10
890 572 4
662 954 6
607 889 7
1607 964 7
888 854 9
1316 1605 11
1667 1313 8
492 44 6
776 1892 7
1656 1733 8
1680 1237 6
1001 217 7
259 103 8
28 690 11
79 1162 12
1182 1728 15
703 1101 4
1271 1508 9
1930 991 8
55 223 20
597 1831 11
576 831 6
465 1318 11
1043 15 20
629 392 12
1480 1751 7
525 239 16
352 1744 6
1368 261 4
669 365 8
263 673 8
1470 608 8
1838 1329 15
1774 1811 4
779 1424 11
526 1069 7
1265 1284 7
752 666 11
506 1346 4
1075 1742 8
1472 480 7
1499 187 15
1059 1242 12
944 1541 5
614 692 9
365 300 16
1745 1784 8
1896 453 6
1773 1795 11
1299 861 8
1842 698 12
437 132 4
1502 68 7
1540 1556 15
1237 332 6
156 428 9
522 1662 6
1629 1384 6
533 1225 8
1319 561 12
540 108 15
1059 1072 9
1042 1016 8
1197 1779 19
234 554 11
1581 1289 12
1889 1363 6
828 204 7
521 1716 11
1620 1056 5
509 1201 9
81 1222 16
1331 169 20
470 44 8
1473 611 28
1072 1693 10
835 1808 7
948 1166 12
103 1606 28
1703 3 11
1671 989 5
1505 1049 11
191 106 12
1762 748 5
1682 335 8
599 862 6
573 1237 6
402 662 7
622 1173 4
684 814 5
1234 23 8
265 1095 8
531 1333 7
493 859 8
969 1743 7
445 943 7
1176 530 8
1461 518 8
967 1482 8
4 1457 6
614 1018 8
509 1907 28
1558 968 9
1711 251 8
1705 1646 6
1309 318 12
1026 1584 8
916 138 7
214 1863 8
43 266 7
163 1551 12
573 366 8
804 997 16
1328 1933 5
1524 1304 12
660 1593 8
1009 1523 9
208 21 8
1065 734 5
515 1122 15
1821 1732 6
248 1663 11
289 1313 5
1231 1283 11
946 1701 18
1355 1528 12
409 379 6
451 552 17
1707 961 5
1581 1849 7
367 310 5
883 308 18
699 103 9
134 750 9
1589 1588 10
116 1347 8
1058 656 12
1884 1222 6
630 115 6
1801 1302 9
317 1536 12
1247 1015 7
817 183 11
108 1741 10
1460 1683 9
895 325 7
255 716 8
21 1329 11
659 95 13
1128 1744 6
1836 881 7
737 1036 4
526 1513 4
1690 1712 5
1848 1290 10
662 1733 7
1341 864 11
807 852 28
1468 1582 27
351 79 18
1399 799 6
573 1090 5
886 1309 12
96 671 6
1112 771 7
1866 408 9
998 833 12
1076 954 8
155 1910 5
472 1708 7
832 955 18
628 984 20
156 587 18
320 85 10
1191 1054 9
1088 1483 9
601 944 5
1750 423 6
679 1402 11
1691 85 10
1825 1198 12
119 1775 8
200 1670 12
13 738 9
987 1155 6
707 1890 8
1611 539 12
947 917 7
1464 1255 12
704 368 12
1790 1907 8
479 132 7
860 438 7
1440 50 6
1658 167 6
1133 45 6
1132 1344 7
959 337 7
147 178 15
1930 1473 9
709 492 6
1102 49 16
1494 374 15
346 1744 11
1264 823 8
1323 224 5
1912 1578 4
1731 1895 8
953 865 7
1642 1677 7
1277 1694 4
163 1868 9
1122 997 12
921 1879 8
350 24 9
712 914 7
207 1671 7
1199 1742 6
796 1849 7
674 1932 8
1121 269 8
1608 192 10
1336 1059 9
1925 614 9
157 1152 6
412 364 11
747 164 18
1184 504 9
1331 899 15
1658 77 8
1099 485 10
1937 1786 9
61 920 12
489 391 5
131 1014 7
1604 809 6
857 26 7
1935 815 8
1739 315 9
1696 1840 8
512 1699 8
1459 1835 7
1341 1524 11
241 70 4
1486 105 8
141 7 9
1770 938 4
555 1632 7
763 1583 8
261 1493 18
1087 1120 4
830 444 30
1390 1765 11
166 347 4
812 527 8
1093 1162 6
714 1354 6
1078 1659 5
1375 636 6
1934 1530 16
219 1632 18
1888 1025 11
1687 1251 30
378 1863 15
1491 1840 12
381 1452 4
294 408 9
1147 365 11
459 1030 12
895 278 12
1022 32 6
1661 1916 13
80 1508 9
1074 1679 8
277 1054 12
152 1028 8
935 522 6
529 338 16
1878 1555 11
1492 1097 5
30 193 12
1913 139 4
863 1177 12
218 1815 7
1531 962 11
916 1104 7
500 153 10
1417 1517 5
540 474 7
1031 1089 9
1794 1186 8
660 65 8
934 1577 9
1135 315 28
765 953 10
160 943 8
294 1695 18
770 518 7
139 1022 8
1442 734 4
257 463 8
1335 386 5
1165 715 12
1045 798 6
341 91 10
160 445 8
447 136 5
527 915 5
580 1505 15
1366 432 4
1257 1159 4
976 1654 6
1874 1580 5
590 384 18
159 878 7
1104 138 6
1336 1722 11
1587 246 9
467 926 7
1765 1584 9
459 1588 9
645 1329 8
638 1688 13
1400 1457 9
1711 409 8
670 1448 6
692 636 8
553 62 11
1316 643 10
260 142 11
736 724 8
1086 1495 7
1037 1751 7
1884 843 5
922 228 9
1774 1133 8
1773 1562 12
1439 758 4
1216 1482 12
221 138 11
106 1339 6
328 1336 6
187 608 8
210 1740 5
1235 1643 7
8 1219 5
5 1063 4
1609 373 7
1793 1522 15
1475 691 9
1081 1402 9
434 1569 30
759 835 7
543 1193 9
1629 396 11
390 269 6
130 1607 30
416 1382 12
769 1682 8
621 611 9
1268 75 9
256 1300 11
626 1402 8
532 690 9
1832 384 11
488 568 6
1778 1173 8
1325 1456 7
57 227 7
1577 639 12
1467 468 6
661 124 11
1174 919 12
616 1271 12
512 775 12
851 1143 11
1081 1482 11
1553 1916 5
1493 537 8
533 1890 8
1358 499 7
816 1293 7
1217 1495 5
1788 693 10
124 384 7
107 979 10
233 421 4
257 691 8
164 1147 12
1010 761 8
668 1659 5
783 758 8
1587 498 19
1190 815 8
1491 788 10
1909 1282 5
969 554 12
822 1465 6
1041 1823 8
1368 35 5
1142 271 11
594 1548 11
1436 923 6
1420 1649 5
1786 598 8
128 1518 8
1870 302 27
286 940 7
461 1019 8
1215 1674 11
1758 1665 11
685 529 11
1559 1164 6
66 1403 7
1169 1317 6
379 487 7
1887 1327 7
1050 1348 8
1041 402 12
1116 192 7
639 1676 9
1843 1812 4
111 930 7
1463 516 11
246 1483 9
900 1591 12
1763 1237 8
1741 1857 7
1451 1678 5
902 97 8
1447 375 6
1443 995 6
1243 740 6
14 1867 9
1845 1289 11
970 124 18
1659 454 5
553 1869 12
127 1768 12
244 196 4
801 326 11
1927 1340 4
1461 529 6
1580 600 5
907 67 6
771 1732 10
1295 1689 6
1364 1406 6
1865 1338 9
217 1651 5
325 430 11
1017 1416 7
317 1604 12
1587 1330 6
1618 340 5
797 1366 20
969 1726 9
571 1181 7
1422 592 4
1087 1796 8
510 1023 6
1704 1907 11
1118 32 4
1608 227 6
765 950 12
1184 713 9
1077 225 10
1570 1245 7
217 1456 7
131 1252 6
626 1216 6
664 1614 11
1057 510 7
1429 1736 8
1517 1097 4
1239 1033 8
705 1403 7
1848 1616 7
1122 1529 10
822 1408 8
244 1194 4
1297 1163 11
390 269 12
748 173 4
1221 7 12
353 1526 18
1439 1654 7
1451 1097 7
1430 1007 8
469 167 6
408 1200 11
1225 1172 12
1712 1647 6
1298 1166 8
1466 71 8
1567 728 11
1375 1730 19
932 326 8
44 1372 7
372 852 12
242 1931 5
1888 608 10
1506 1730 18
1747 1888 8
631 1185 19
1729 1386 12
1223 1604 7
1455 1192 20
1047 853 6
921 688 20
907 1044 7
1057 1149 11
1470 326 8
716 1911 8
1013 1130 4
1058 29 6
201 695 11
1199 927 6
382 1646 4
344 1007 11
1329 1033 12
597 356 7
932 655 8
1711 597 30
1285 514 20
1458 612 9
1700 1289 8
1710 235 9
1016 568 7
156 170 9
1496 1649 8
427 1124 9
102 1116 15
103 889 10
818 1578 8
913 77 5
133 1196 8
424 1764 11
1055 981 6
352 343 4
1195 915 4
1777 757 30
882 1483 11
1208 1917 7
1746 1871 8
668 240 8
1039 1676 15
719 1186 4
1247 1420 6
1064 1516 10
89 357 7
333 1631 5
148 240 8
784 831 10
1531 1676 6
62 1047 12
442 504 11
988 1233 10
742 1339 7
90 661 8
1736 497 6
1039 1676 12
1321 23 8
450 1280 11
1502 681 9
1409 424 8
1918 1421 8
905 197 8
521 145 7
483 248 15
935 522 12
88 373 27
1714 1027 6
816 1212 8
1861 221 8
1159 469 8
1528 374 16
1622 1152 7
104 1090 4
711 655 10
1544 1223 8
134 970 8
235 1644 12
730 1642 8
1315 1560 7
1039 350 20
1560 818 6
601 1847 6
50 894 5
1832 1840 8
621 205 9
659 35 4
1676 1554 11
1814 782 5
1645 573 8
1422 1671 4
717 190 30
249 200 12
1706 188 4
1201 907 7
1710 982 27
1640 179 8
1769 1607 15
880 1249 4
1427 403 12
1837 1237 6
199 1203 8
1867 694 8
821 1790 30
1114 451 4
1503 683 15
86 671 5
185 315 6
255 1443 20
1718 1090 7
1253 1166 7
72 1354 6
19 340 7
378 665 7
267 834 27
693 519 11
513 1410 8
68 1060 6
1647 290 5
1453 712 7
620 1272 12
1150 1762 4
935 911 9
1487 394 11
1297 195 12
1210 917 8
1497 302 10
555 443 4
1892 97 6
1808 514 6
631 416 9
1562 1418 6
343 995 4
1521 1110 20
762 1021 12
169 1194 8
977 648 4
870 373 8
1439 1077 8
1176 247 7
1576 286 7
1276 741 8
1733 1562 7
1364 485 7
1349 1275 9
1827 1816 4
1434 676 11
182 1173 5
1369 917 7
1550 442 11
68 1060 12
238 905 8
1156 1069 7
1469 140 15
1288 1719 8
1804 1313 4
1316 212 12
1391 129 16
940 1207 4
1531 1577 11
949 746 12
299 357 18
1793 965 20
1929 243 10
1673 1607 8
1287 658 12
1839 981 4
1877 1094 7
1827 1688 6
1584 529 28
790 146 6
1691 752 9
879 1563 8
1598 655 8
1505 531 10
1206 544 12
172 1468 11
1183 1554 10
198 37 19
101 1022 4
121 1748 4
1118 720 7
1695 1102 11
67 83 12
619 359 9
765 865 7
1574 800 18
1437 1876 7
1367 792 6
836 1260 6
556 440 9
713 840 8
65 1902 19
1866 1767 8
172 1080 9
1816 915 4
753 696 9
1813 280 15
902 187 30
542 140 11
60 419 16
439 1834 30
433 765 6
806 198 6
1154 1015 7
1856 1864 12
1879 1111 8
1559 183 30
846 1392 7
1707 1681 8
101 1027 4
1887 472 8
867 1121 6
806 1 18
9 1244 7
1282 649 6
1038 1636 12
1419 1779 18
1331 1548 15
873 828 16
1201 864 7
833 547 6
720 1022 14
807 359 10
335 347 7
1309 253 11
139 18 8
672 616 11
1921 1433 8
184 1473 8
1187 898 6
1785 18 8
720 1880 5
1521 595 8
207 1718 6
1249 945 4
1593 326 28
1208 765 15
814 1036 7
1566 1048 7
855 1364 7
1115 1334 9
740 1202 6
285 270 16
1717 162 10
1195 74 8
1051 293 11
930 983 7
1082 373 10
1338 1483 9
378 572 8
706 490 8
1397 923 7
387 1066 20
848 1022 6
1009 1033 12
175 806 7
825 524 4
978 1139 20
1576 1027 20
1790 76 11
1507 1461 9
1118 552 8
706 740 6
1431 1236 7
872 511 5
490 1071 5
93 931 6
1358 729 4
244 814 4
155 1667 8
23 798 4
633 408 10
1126 1097 7
441 1410 27
1729 1665 6
610 1531 8
347 1123 7
896 931 7
749 16 6
687 748 7
758 499 12
1322 264 4
1309 1385 12
1285 901 15
933 392 9
1205 546 7
1275 710 7
163 1242 9
738 1289 16
1252 1191 20
199 1809 18
1175 1408 8
751 1795 9
1139 469 6
1280 1593 9
1152 1549 7
430 1821 8
1897 1017 6
1227 1311 7
660 240 30
878 1487 7
581 516 8
320 1007 6
535 1817 10
957 1245 7
1243 1927 4
928 526 7
1064 339 9
952 1476 11
1764 1406 8
489 1790 15
1658 1159 4
116 365 12
65 801 11
1610 1485 6
323 1008 6
1206 1749 11
27 1557 11
128 324 9
1600 267 12
1188 136 7
1170 438 6
558 734 15
351 1515 6
1794 133 4
1163 632 10
1383 897 11
343 36 5
1294 838 4
466 225 7
844 394 9
645 879 5
1460 897 11
1057 1023 7
1397 635 8
1347 1450 11
468 1147 9
912 5 7
854 1544 9
543 1467 12
1533 570 8
1234 273 8
466 974 10
1563 1881 12
695 988 16
100 834 8
1400 142 9
1634 732 10
1388 359 6
102 335 6
344 1430 11
29 626 30
1282 1022 6
1756 646 7
701 383 4
1161 778 8
686 114 11
195 1296 27
1341 1907 10
764 1782 11
1032 1244 7
1164 1929 8
633 1236 6
1813 555 8
691 1728 10
184 1923 30
380 917 6
1154 1652 8
1314 487 8
1902 738 11
1884 841 8
1249 84 6
975 436 8
171 930 8
393 787 19
1162 39 9
1077 1863 11
730 1677 7
516 1359 7
524 207 7
1525 285 9
543 826 8
1478 472 10
505 1916 6
1254 1236 8
105 964 6
281 69 4
342 973 12
1850 593 5
90 1840 12
657 140 30
1650 1290 27
863 775 9
651 1920 6
442 274 12
1583 993 9
1020 597 8
961 1933 8
1564 1102 12
609 353 11
1025 608 6
397 873 28
55 1540 6
1331 1774 8
1501 1003 5
774 1050 9
1777 1411 6
1390 685 12
271 1303 12
667 303 16
166 716 4
559 1534 4
996 451 7
1773 251 9
609 562 7
55 1355 15
767 1901 6
1558 1760 11
1532 483 6
337 631 6
542 598 10
1537 167 13
1144 952 12
1414 262 7
590 1900 9
1303 1902 18
845 953 27
1075 852 6
564 1283 12
1018 513 10
1478 1887 9
1375 1226 11
1138 766 7
1357 1662 10
1750 686 15
386 1094 5
1000 1837 4
1488 1624 6
198 118 9
228 1613 9
860 1531 8
1414 482 8
659 93 5
203 226 18
1689 98 20
675 461 7
1873 1131 5
209 836 8
1891 1632 4
1867 667 12
1252 964 12
1291 1567 8
544 312 9
956 1394 4
1690 1394 4
1303 738 9
895 1360 8
67 83 15
657 218 12
1135 192 10
1469 1270 8
1352 1529 8
135 82 6
284 1796 4
963 1181 27
147 535 15
692 1617 12
447 623 8
462 1830 4
1821 1342 11
1568 1395 4
682 371 20
821 181 7
1829 1685 9
1480 469 5
690 1334 9
1906 799 6
1622 1179 11
439 349 6
1054 1033 11
329 1723 10
1346 474 8
416 278 9
1797 901 9
61 1675 9
752 1007 7
372 871 7
334 870 9
900 7 7
217 263 8
143 1914 6
352 1376 7
1829 1481 19
843 945 8
1273 491 9
848 32 6
730 332 5
395 1781 8
1847 1158 4
1349 1588 28
1929 1526 7
903 1029 8
1444 1112 9
1638 724 7
642 295 6
1740 1646 6
550 1173 8
1595 861 5
1302 873 11
442 509 9
927 359 15
143 210 5
963 571 6
797 331 7
588 1872 7
63 96 7
743 315 8
214 1439 4
1611 1549 18
1909 1592 8
219 382 8
218 826 11
223 1640 6
689 1770 8
1001 879 6
197 1107 8
1135 57 9
803 1200 6
1748 1374 7
1424 756 7
1175 1528 12
1042 173 7
1611 831 9
249 1760 8
1731 1651 15
134 1311 12
1595 313 5
209 121 4
417 149 7
1051 1792 12
541 1194 7
1096 1350 9
955 1539 12
1725 1158 17
230 1214 8
1353 1596 17
1782 364 12
541 909 4
1757 1126 4
264 1073 5
903 457 9
865 287 6
965 1299 8
1454 429 6
1435 1113 7
1069 1068 5
1145 962 18
968 1802 8
1194 1660 8
69 1718 6
1653 830 6
710 498 7
1883 1528 12
1144 1348 8
43 673 5
1072 680 9
349 426 7
1124 117 11
565 1554 8
266 799 13
1298 703 16
1847 880 7
491 1393 7
1357 1070 9
190 398 6
1116 308 11
100 504 12
1310 628 4
848 1714 7
920 404 9
728 886 12
662 1407 6
1359 127 6
1060 94 6
914 171 9
1583 1170 27
1769 623 5
781 1795 9
125 671 7
1642 1671 7
310 56 7
1481 142 11
709 817 15
378 107 15
1092 1269 5
661 1840 10
891 1907 12
492 240 15
310 627 8
1784 1648 11
1312 1382 8
1184 1907 12
1325 1542 8
1880 50 6
426 120 7
581 1359 8
670 448 9
1361 1523 11
566 87 7
481 529 12
631 312 11
1825 1337 11
708 1201 12
824 66 5
1813 1454 20
1684 1789 12
443 1113 6
1362 887 6
607 1606 8
799 887 7
704 619 11
1155 1828 8
1388 1742 11
378 1698 8
1178 192 12
1236 1695 7
474 136 4
331 1202 4
1258 962 7
566 611 12
860 1306 9
286 179 8
1866 753 9
1688 1305 7
1832 654 6
510 1833 7
64 988 11
747 1197 6
484 1628 8
201 974 9
688 1305 8
1738 189 17
1356 136 5
280 554 12
210 1594 5
1666 655 6
1565 452 8
1020 1601 6
739 561 8
733 695 9
448 249 9
1015 1830 17
906 795 7
936 1416 7
1673 1001 4
1716 563 27
1021 40 6
921 709 7
517 1356 7
604 487 12
1714 1114 17
1509 1293 4
225 1627 7
967 1464 12
942 315 12
1598 1683 7
1912 1850 8
602 1060 8
411 638 4
526 1916 6
438 153 12
610 500 30
810 1083 6
1891 477 4
1281 1255 10
152 1731 5
767 499 5
555 224 4
1893 1027 8
301 1318 9
1367 1905 4
959 939 11
1275 1555 11
1201 908 11
1837 1677 5
1312 1185 11
1619 1483 12
137 1168 7
753 1236 7
530 168 9
1696 124 7
1091 612 12
222 496 4
322 1050 11
1744 347 6
1724 785 12
1474 1706 7
633 387 6
484 981 7
921 827 15
261 1860 8
522 1487 19
553 853 12
1323 1705 8
1494 1595 5
105 401 11
93 517 4
134 1273 9
1527 1127 9
868 1665 8
341 613 4
617 974 15
868 994 11
1122 1547 11
34 205 10
406 1701 7
733 1125 9
1698 1245 7
344 1636 10
651 1075 9
606 418 18
737 1378 10
1838 496 20
1468 1787 17
637 1641 7
346 166 4
1553 484 7
305 704 17
1388 1075 11
1599 831 15
1793 1355 15
1559 609 12
851 1722 12
628 1778 5
346 290 8
1736 1011 27
336 505 8
466 617 6
1590 584 12
1624 1758 9
104 615 4
1515 1345 9
731 849 7
1734 1858 9
1105 150 12
1547 664 10
1016 1195 5
1309 554 9
976 743 4
176 243 7
100 1136 7
289 1156 5
1245 1514 8
1250 1675 9
1375 1925 9
416 1612 9
423 541 7
1046 1644 10
1127 445 10
1055 1514 6
630 1802 7
1089 1591 8
699 1477 8
158 1797 12
1598 1681 6
559 414 4
228 1034 12
668 1428 8
291 216 17
1612 1100 12
427 804 11
110 336 4
582 1023 7
1125 1414 9
1812 1378 8
398 1833 10
1729 138 8
1635 1326 9
584 618 9
231 499 4
1734 1805 11
1193 218 9
1007 787 7
139 1893 7
759 1285 6
701 1237 8
136 931 7
1301 787 11
256 1319 6
1665 868 16
1753 658 8
424 889 6
666 1007 18
1582 1324 7
817 1410 10
533 1601 16
1380 227 18
1913 838 7
501 790 11
1847 1395 4
427 1614 8
446 518 18
1438 982 8
1680 281 4
1331 1846 8
470 1363 18
348 1830 4
326 240 16
795 1801 6
260 1457 9
170 1441 11
1928 134 11
517 537 6
1542 819 5
1719 663 7
389 971 8
157 1599 6
1291 1057 12
879 1224 8
265 1537 4
1053 799 5
805 1675 11
1543 576 8
324 1644 28
1607 1033 8
760 1835 19
533 818 5
157 924 7
325 1382 8
1847 84 5
1278 1757 8
1256 897 9
943 871 6
1923 1497 6
1619 1330 8
859 885 8
813 878 11
1912 671 5
307 1122 6
1827 1372 8
1521 1707 4
889 876 11
61 1300 18
396 61 12
301 441 11
194 1379 7
341 1186 5
1921 1895 7
250 1618 4
1148 244 8
488 99 4
194 1885 12
1297 632 9
1613 1117 8
189 1810 12
61 1384 9
665 1513 20
951 711 8
1594 219 4
1777 1112 12
1092 1935 8
1005 1343 7
564 58 9
1366 1151 4
102 256 15
602 1369 8
1451 242 7
205 302 8
1903 1763 4
1643 1443 4
830 1865 7
932 961 8
1088 459 12
843 1389 7
349 503 8
1297 1644 9
1599 831 12
1440 451 5
1678 1159 4
558 808 7
1813 515 7
1641 1238 7
1112 1686 7
577 1467 9
434 1373 8
1602 1520 4
996 1592 7
891 1776 10
1716 292 17
1006 624 7
874 51 6
195 583 17
109 457 12
1765 170 9
1683 472 11
574 962 7
1211 1160 7
1121 1625 7
375 1463 15
720 820 5
657 476 6
658 472 6
443 369 5
1291 280 30
1261 694 7
1540 286 4
1518 930 18
462 348 4
447 1830 4
1609 518 6
533 125 7
1 234 12
573 1017 18
1754 1676 10
601 801 8
1936 524 20
403 1662 11
293 245 10
560 611 11
263 43 7
1248 1619 9
958 1117 6
232 1770 8
1266 852 8
1840 1832 16
1630 1067 27
1435 1882 4
896 95 6
522 1209 27
1699 1922 7
380 109 6
286 649 8
1466 50 4
1672 15 6
875 315 8
1051 1798 12
1576 940 7
548 744 12
1210 1826 12
1772 852 8
126 703 5
539 1011 12
101 1207 8
586 815 4
662 356 10
586 1092 5
817 1021 7
996 1440 8
1771 935 7
1826 1597 12
193 466 7
966 732 15
1838 540 7
949 1732 9
252 563 8
1826 980 18
717 877 8
1046 248 6
601 392 8
867 1491 30
1610 1320 7
986 1508 15
872 1602 5
102 346 5
1370 800 17
77 242 7
1645 592 5
1460 1806 9
1603 1881 7
478 737 5
1557 672 8
759 901 10
841 945 7
1110 1132 4
1707 273 4
1603 799 4
1402 626 16
44 1688 5
437 786 4
677 1770 5
1161 137 6
323 123 7
1545 184 6
914 1710 6
575 616 9
1829 679 11
1364 1415 6
327 1498 8
722 770 7
1312 1732 7
1013 1631 7
1143 901 9
54 341 5
762 1929 9
1068 1265 8
1557 60 12
19 69 7
1254 1528 6
1006 142 12
498 1483 11
644 942 11
739 1379 12
1372 568 7
1639 1676 7
1736 1549 19
260 1445 8
491 124 7
470 885 6
1280 738 11
232 671 4
1084 225 27
40 1226 9
1790 178 6
1617 1018 16
1104 1728 10
393 1031 9
770 1180 11
859 47 4
12 1457 10
1403 169 4
235 449 9
1885 256 16
74 1500 5
298 1051 12
1680 1897 8
266 17 6
641 1778 6
466 1701 6
990 1558 12
474 1154 4
539 1864 9
778 1242 10
27 330 7
47 1889 5
459 794 12
475 1181 8
535 1337 12
1893 1455 7
230 917 7
32 940 5
8 1078 8
456 834 7
1567 554 10
1001 1528 8
832 1587 6
1100 1398 12
997 1352 10
993 1183 9
657 1347 8
1326 655 11
890 1245 4
376 1800 9
419 1508 7
1705 220 5
476 460 7
315 1116 16
802 1076 9
636 833 7
1139 1746 8
1731 1906 6
1610 1668 4
1257 1517 7
869 1200 10
1727 1783 12
900 899 11
1532 1296 7
729 792 7
1681 1582 10
862 597 15
1502 845 11
1141 63 6
1854 934 7
1574 1829 6
754 1582 8
572 505 7
1865 1030 11
1761 1156 5
1157 924 8
1589 710 11
1440 1027 7
1335 1841 8
1327 655 8
911 878 8
481 428 9
1070 1209 8
1470 1725 6
1504 13 11
147 489 6
154 1416 4
722 1067 8
592 69 8
1825 528 9
570 1105 6
921 500 15
1936 599 7
735 77 6
779 930 7
1503 215 20
745 368 9
1725 1222 5
704 745 12
1423 942 30
1868 835 8
1148 1094 7
94 570 7
1865 832 7
549 1792 8
362 1172 8
82 1691 8
305 1333 9
978 913 7
435 1485 7
1601 232 4
1496 537 11
1126 793 6
1020 388 4
758 1852 6
687 568 7
824 1660 5
607 1099 6
725 1875 8
267 456 6
1732 850 11
463 31 6
1496 506 4
1217 1196 6
346 766 7
1557 1034 7
1331 595 15
249 1448 10
1071 1299 7
1800 764 7
405 1759 4
538 525 9
1078 841 8
787 775 11
158 1242 6
785 1525 9
49 252 10
1734 436 9
464 873 6
1769 338 15
276 412 12
1807 119 9
739 475 9
854 809 12
1886 1210 11
1873 999 4
1937 694 12
622 703 16
1848 1805 12
1243 1299 7
218 211 7
1426 122 4
549 1239 7
1136 1907 8
1199 531 7
1784 364 10
492 640 5
600 296 4
1905 231 8
621 1209 12
803 1883 9
1687 947 12
1050 1519 9
405 881 7
769 347 5
882 1621 12
357 1902 7
430 1100 7
1177 1918 9
118 1064 9
1485 1919 5
880 841 8
978 458 8
668 187 8
1356 904 5
1751 1139 4
274 1413 6
690 221 8
235 768 9
874 370 6
1103 1683 9
348 1274 7
488 1452 7
228 1530 8
29 1096 7
1248 212 8
1045 782 13
661 1851 11
1139 202 8
381 1372 4
556 1529 27
1311 371 6
1893 1022 8
1613 1934 12
581 738 12
441 1571 17
255 36 8
1494 1923 15
580 1874 6
1169 1343 6
1593 357 7
929 386 4
1164 176 30
334 529 9
1731 241 7
654 1311 7
22 1145 8
884 781 11
1761 336 4
273 999 12
1793 1605 15
401 1459 8
579 1425 12
340 1677 4
327 766 18
1431 1528 8
721 1395 4
1276 1448 8
1844 1124 9
727 1278 4
936 154 4
1512 1474 7
595 354 10
725 846 7
1146 1721 7
1650 1862 17
564 1530 11
1423 1205 6
1539 279 9
1693 1551 7
1411 959 7
1246 991 11
1571 40 12
904 1130 11
828 873 8
800 15 12
1449 685 9
1472 1798 11
372 676 9
1164 301 7
589 326 12
414 1852 8
1713 1822 7
1313 407 11
71 179 6
992 900 15
369 1120 17
402 3 11
1310 1491 8
969 1567 8
1677 592 17
1192 1027 13
619 858 8
1011 53 6
1625 390 7
1208 102 6
349 963 8
1857 544 6
1824 1641 10
1099 1093 7
1475 1334 11
1132 1873 8
784 1864 28
1553 1156 7
1685 142 9
632 1296 8
123 369 4
1052 721 8
1035 1875 6
1286 965 4
1189 276 18
1915 653 11
528 1817 8
1860 35 4
1204 1891 4
1204 295 11
1880 1579 7
958 473 19
909 1108 13
155 1245 18
1654 1534 8
273 1620 4
1707 791 7
1760 968 10
886 683 9
806 198 12
734 182 4
1445 702 18
1393 750 10
361 652 10
1353 1802 27
990 578 18
1721 271 9
435 849 7
1295 678 6
1349 732 10
1538 360 10
1881 1456 4
1747 608 12
976 1116 8
1422 332 5
635 192 6
1536 1311 9
1557 1934 9
1189 530 6
1187 1509 7
828 578 11
52 191 12
1714 451 20
810 1582 7
798 627 5
1151 1374 7
1710 1663 6
1411 631 8
1920 1527 9
13 127 7
1690 1235 5
1548 1915 10
387 408 12
238 237 4
80 1934 11
1066 1664 9
737 824 8
1262 1033 28
1080 897 9
1489 1038 11
215 234 9
514 1722 9
1399 1906 5
204 1448 11
409 213 11
233 1927 6
64 1233 9
85 1699 11
43 1224 16
743 783 6
515 398 15
214 1367 20
19 104 8
338 1082 6
938 186 5
1082 1552 7
688 47 8
1368 222 7
1761 1069 4
378 289 7
898 1376 7
310 1019 6
1771 566 9
1358 1391 5
1084 1627 9
1612 850 10
962 892 7
628 1155 7
1545 1522 30
1873 842 5
206 1120 5
372 1388 8
139 552 5
506 136 4
148 1598 8
1773 3 8
723 237 4
966 1539 20
1219 1052 4
743 1220 8
707 1556 8
282 1462 7
1421 7 7
1845 1633 9
978 1241 15
1419 1937 12
8 827 8
1569 744 10
1000 1416 7
741 200 6
1130 410 4
1211 996 8
998 441 12
1287 1666 9
853 1869 9
844 621 12
1001 1033 8
811 597 16
925 420 8
208 1673 5
1119 1432 11
1905 508 7
1214 433 16
557 838 4
1594 429 5
1898 670 6
1791 432 5
1628 957 6
296 596 8
612 60 11
708 1341 8
1125 988 8
1171 1389 7
478 180 7
223 838 4
489 868 15
30 902 6
856 796 27
271 357 8
219 1637 5
1932 1119 9
722 1441 8
161 1149 11
1591 1918 10
1266 1742 7
1218 1904 20
300 542 6
1178 192 15
1492 1746 6
987 1351 6
276 98 12
1774 1387 11
133 1479 7
1901 724 5
1258 436 28
1561 1509 5
481 1074 9
1142 1463 6
188 1065 8
1626 264 8
903 165 11
1239 1459 7
903 865 12
1930 394 11
1475 1488 12
1530 58 10
857 866 11
1454 323 7
1437 1033 12
621 1870 12
308 285 11
640 1452 7
284 1113 4
937 167 6
1172 1656 10
608 187 16
806 728 9
444 1316 6
1914 1435 7
26 306 9
1659 841 5
422 674 6
577 164 17
1331 1148 8
238 1495 7
582 554 8
1437 1523 9
366 332 7
1283 1091 17
1276 322 7
951 1753 6
89 299 11
417 702 6
921 183 15
1640 1909 4
634 1588 6
1674 1459 18
292 1866 11
338 529 8
460 577 11
1720 287 12
668 828 8
263 1224 8
1874 1772 15
1407 356 15
1844 1684 12
1016 173 7
1168 538 9
1581 796 10
992 244 7
1805 1858 10
1197 1147 11
1486 1002 12
1749 1405 8
1109 703 8
1726 253 16
232 1277 8
1422 69 10
1498 1744 8
1092 86 4
615 250 6
1070 1662 8
1229 1199 7
1408 408 6
1568 1389 4
480 760 6
1023 37 7
427 585 9
1119 330 7
992 1843 20
422 1119 12
169 1877 7
540 1154 7
283 790 9
1271 1934 9
21 293 12
830 1349 8
333 1188 8
1646 749 5
1630 481 9
1300 1675 11
83 456 11
490 1202 7
1361 1262 9
1053 1881 6
1544 1900 12
1782 1784 8
1121 1273 8
385 1167 8
1871 202 6
1763 592 4
117 1789 7
286 1211 7
1197 1308 9
324 111 9
1356 1247 8
1813 1547 15
1917 399 4
1603 502 5
399 1573 11
1104 1182 6
1042 99 5
1470 601 5
1686 1185 7
634 710 8
1521 1056 8
1129 1511 9
751 362 9
1307 397 9
1575 206 8
843 1158 8
746 1382 9
262 1701 7
255 1208 7
533 1020 5
829 479 6
847 1019 4
1142 357 11
351 1764 9
854 355 8
546 10 11
847 823 6
670 1302 11
1415 1162 20
97 482 27
54 1495 7
1045 999 5
797 1316 15
1772 359 7
701 1924 8
1544 1604 8
1505 1538 12
188 1442 7
489 1678 8
975 860 11
732 1330 11
1616 350 6
1825 1665 9
1681 1324 7
1620 782 4
113 149 8
341 1580 8
1838 1356 7
29 12 8
623 1140 5
143 220 8
550 1298 7
1413 1704 9
1839 1156 4
36 1128 4
1484 33 18
12 1402 28
1267 170 15
1151 432 4
1212 1647 6
324 248 10
838 1785 5
717 175 7
452 423 8
1886 1214 10
1922 268 6
1327 33 7
1205 1116 30
1088 498 18
848 649 8
1098 1833 8
1221 666 8
1560 1269 5
1193 211 7
1739 10 12
214 783 5
105 1459 11
1268 31 10
906 1802 10
665 1099 15
125 1141 8
1306 1805 16
1279 1920 8
128 768 11
1877 1843 4
467 493 4
1754 1290 7
1293 1394 17
1176 585 8
1791 706 8
958 1820 27
921 640 8
701 69 4
1038 268 7
90 1900 9
1882 555 5
1629 1343 11
195 1896 9
1471 710 7
1821 1686 11
301 283 7
1433 241 7
1213 1387 6
1347 211 11
625 520 17
880 454 14
603 1394 4
1923 403 7
596 91 4
28 1665 8
520 1758 12
71 223 8
255 1251 15
1226 146 11
1593 89 9
1080 711 8
1232 1623 7
1097 1159 17
1736 618 11
1653 1275 12
762 243 9
547 1546 12
13 326 12
736 1322 15
281 1000 5
1724 785 6
178 1044 10
485 1093 7
1585 569 11
1743 161 12
1447 1463 10
502 152 8
1904 815 7
272 1703 10
1340 1374 5
339 318 8
1418 213 9
1584 170 10
38 51 8
470 1305 5
840 59 10
1815 698 10
197 479 18
1005 194 11
1274 1015 4
1648 1844 12
1882 1008 13
415 351 7
22 1676 9
503 1885 28
1499 1761 8
1212 1123 7
1853 1878 12
810 33 6
1082 1679 12
1717 549 9
1029 917 18
1558 1353 12
1818 611 12
116 667 9
1385 1 17
1757 77 4
1634 966 6
614 547 12
805 1384 9
208 319 5
978 1412 8
1203 167 5
458 735 11
1930 1106 12
1498 995 4
271 326 6
473 1934 11
426 1738 11
1936 1000 8
334 1067 12
229 1610 5
137 1336 8
1308 14 9
1765 1552 12
1248 1330 10
709 812 7
1470 1510 5
417 1457 10
25 354 12
1537 469 4
699 1093 12
956 898 6
731 1202 5
515 1575 7
535 1488 7
920 1181 12
439 1629 8
669 116 11
220 1796 5
14 1261 10
675 627 7
1119 637 7
1144 1404 6
1597 845 12
1424 768 9
1597 1214 9
615 1924 4
1389 1462 4
1134 485 8
1710 507 11
66 1378 5
1774 700 7
1527 676 9
869 49 8
1894 827 30
277 1191 12
914 583 18
609 1526 7
419 473 11
893 651 7
846 1836 6
104 332 4
1208 1911 7
1668 740 6
183 146 12
1937 365 9
1287 658 6
1183 438 12
536 79 17
1041 272 30
1478 304 8
628 948 4
645 1355 8
254 454 4
1854 860 9
739 571 10
98 412 9
1155 1512 5
847 1264 4
1064 1743 12
1917 1293 7
708 821 6
986 1458 20
810 1683 10
1025 1701 8
1535 1901 4
549 162 8
952 837 7
74 467 5
395 1339 12
16 1632 7
1469 1062 15
1117 1820 7
46 505 5
1183 1805 8
135 752 12
803 1695 19
423 814 7
119 875 7
284 1575 4
1411 1312 30
1361 964 9
991 878 18
783 92 4
24 436 11
1240 1286 7
267 76 19
1669 1812 4
769 1394 5
712 195 11
411 1150 4
1506 243 9
1494 444 15
496 1420 8
454 1171 4
1788 1665 12
1913 1027 8
452 1194 5
1777 1821 8
1684 364 9
572 1839 8
207 1903 4
1811 1148 4
692 465 7
1870 1106 9
1486 1329 30
1430 1636 6
1136 864 7
279 1588 11
253 1098 10
1439 644 8
966 732 12
1498 1647 4
1566 106 8
302 1106 7
1455 838 8
452 45 18
1471 1338 11
439 1292 12
453 507 9
1859 123 7
1822 319 6
177 432 4
442 908 8
978 891 15
599 579 15
1911 1917 4
1469 723 8
1851 124 8
97 392 11
690 1665 12
489 828 15
559 1852 6
1795 1172 16
1492 913 7
72 1063 7
1469 786 8
1196 1186 6
794 1853 6
939 1206 17
567 59 9
1365 321 12
718 754 9
120 189 18
1929 146 28
1510 81 5
961 847 8
89 1447 7
1735 820 7
427 440 12
1394 995 8
1397 315 12
1637 123 5
1500 47 6
8 1863 8
1235 995 5
413 1131 5
919 1425 16
634 1088 12
30 1888 8
177 1595 8
305 531 27
1290 1616 7
1708 25 6
1182 1624 20
1848 500 11
665 1804 7
1535 1322 5
562 243 10
269 1604 27
1711 918 7
596 1875 4
1109 808 4
746 1360 12
1639 1848 6
843 282 4
501 146 10
374 1556 6
519 138 18
604 811 9
433 980 11
937 242 7
307 1079 11
903 1369 9
1612 895 9
260 12 9
343 898 13
1411 1444 8
1824 1530 12
1297 982 12
992 1681 15
918 291 11
148 1045 6
78 1042 7
1082 1569 11
1589 634 11
534 1493 7
776 1084 11
88 1552 9
1920 1434 19
1109 948 8
1229 858 11
539 1157 9
658 1383 19
114 525 11
1623 1430 9
1090 511 8
987 828 8
410 1274 5
1373 529 10
1429 784 8
1061 463 12
842 1814 4
288 791 8
1908 1220 6
462 95 6
1819 1062 30
1155 1173 4
80 1238 12
859 910 4
648 1479 5
1511 94 10
762 1617 11
328 158 9
1382 1312 16
1694 815 7
619 807 9
413 798 4
