1943 5734 30
1237 1081 500 1214 400 1671 1445 1758 178 348 363 495 516 1266 647 82 1508 452 1762 759 41 243 1815 511 1682 1173 797 119 1263 793 
1 1 1 1 1 1 1 1 1 1 1 1 1 1 1 1 1 1 1 1 1 1 1 1 1 1 1 1 1 1 1 1 1 1 1 1 1 1 1 1 1 1 1 1 1 1 1 1 2 1 1 1 1 1 1 1 1 1 1.5 1 1 1 1 1 1 1 1 1 1 1 1 1 1.5 1 1 1 1 1 1 1 1 1 1 1 1 1 1 1 1 1 1 1 1 1.5 1 1 1 1 1 1 1 1 1 1 1 1 1 1 1 1 1 1 1 1 1 1 1 1 1 1 1 1 1 1 1 1 1 1 1 1 1 1 1 1 1 1 1 1 1 1 1 1 1 1 1 1 1 1 1 1 1 1 1 1 1 1 1 1 1 1 2 1 1 1 1 1 1 1 1 1 1 1 1 1 1 1 1 1 1 1 1 1 1 1 1 1 1 1 1 1 1 1 1 1 1 1 1 1 1 1 1 1 1 1 1 1 1 1 1 1 1 1 1 1 1 1 1 1 1 1 1 1 1 1 1 1 1 1 1 1 1 1 1 1 1 1 1 1 1 1 1 1 1 1 1 1 1 1 1 1 1 1 1 1 1 1 1 1 1 1 1 1 1 1 1 1 1 1 1 1 1 1 1.5 1 1 1 1 1 1 1 1 1 1 1 1 1 1 1 1 1 1 1 2 1 1 1 1 1 1 1 1 1 1 1 1 1 1 1 1 1 1 1 1 1 1 1 1 1 1 1 1 1 1 1 1 1 1 1 1 1 1 1 1 1.5 1 1 1 1 1 1 1 1 1 1 1 1 1 1 1 1 1 1 1 1 1.5 1 1 1 1 1 1 1 1 1 1 1 1 1 1 1 1 1 1 1 1 1 1 1 1 1 1 1 1 1 1 1 1 1 1 1 1 1 1 1 1 1 1 1 1 1 1 1 1 1 1 1 1 1 1 1 1 1 1 1 1 2 1.5 1 1 1 1 1 1 1 1 1 1 1 1 1 3 1 1 1.5 1 1 1 1 1 1 1 1 1 1 1 1 1 1 1 1 1 1 1 1 1 1 1 1 1 1 1 1 1 1 1 1 1 1 1 1 1 1 1 1 1 1 1 1 1 1 1 1 1 1 1 1 1 1 1 1 1 1 1 1 1 1 1 1 1 1 1 1 1 1 1 1 1 1 1 1 1 1 1 1 1 1 1 1 1 1 1 1 1 1 1 1 1 1 1 1 1 1 1 1 1 1 1 1 1 1 1 1 1 1 1 1 1 1 1 1 1 1 1 1 1 1 1 1 1 1 1 1 1 1 1 1 1 2 1 1 1 1 1 1 1 1 1 1 1 1 1 1.5 1 1 1 1 1 1 1 1 1 1 1 1 1 1 1 1 1 1 1 1 1 1 1 1 1 1 1 1 1 1 1 1 1 1 1 1 1 1 1 1 1 1 1 2 1 1 1 1 1 1 1 1 1 1 1 1 1 1 1 1 1 1 1 1 1 1 1 1 1 1.5 1 1 1 1 1 1 1 1 1 1 1 1 1 1 1 1 1 1 1 1 1 1 1 1 1 1 1 1 1 1 1 1 1 1 1 1 1 1 1 1 1 1 1 1 1 1 1 1 1 1 1 1 1 1 1 1 1 1 1 1 1 1 1 1.5 1 1 1 1 1 1 1 1 1 1 1 1 1 1 1 1 1 1 1 1 1 1 1 1 1 1 1 1 1 1 1 1 1 1 1 1 1 1 1 1 1 1 1 1 1 1 1 1 1 1 1 1 1 1 1 1 1 1 1 1 1 1 1 1 1 1 1 1 1 1 1 1 1 1 1 1 1 1 1 1 1 1 1 1 1 1 1 1 1 1 1 1 1 1 1 1 1 1 1 1 1 1 1 1 1 1 1 1 1 1 1 1 2 1 2 1 2 1 1 1 1 1 1 1 1 1 1 1 1 1 1 1 1 1 1 1 1 1 1 1 1 1 1 1 1 1 1 1 1 1 1 1 1 1 1 1 1 1 1 2 1 1 1 1 1 1 1 1 1 1 1 1 1 1 1 3 1 1 1 1 1 1 1 1 1 1 1 1 1 1 1 1 1 1 1 1 1 1 1 1 1 1 1 1 1 1 1 1 1 1 1 1 1 1 1 1 1 1 1 1 1 1 1 1 1 1 1 1 1 1 1 1 1 1 1 1 1 1 1 1 1 1 1 1 1 1 1 1 1 2 1 1 1 1 1 1 1 1 1 1 1 1 1 1 1 1 1 1 1 1 1 1 1 1 1 1 1 1 1 1 1 1 1 1 1 1 1 1 1 1 1 1 1 1 1 1 1 1 1 1 1 1 1 1 1 1 1 1 1 1 1 1 1 3 1 1 1 1 1 1 1 1 1 1 1 1 1 1 1 1 1 1 1 1 1 1 1 1 1 1 1 1 1 1 1 1 1 1 1 1 1 1 1 1 1 1 1 1 1 1 1 1 1 1 1 1 1 1 1 1 1 1 1 1 1 1 1 1 1 1 1 1 1 1 1 1 1 1 1 1 1 1 1 1 1 1 1 1 1 1 1 1 1 1 1 1 1.5 1 1 1 1 1 1 1 1 1 1 1 1 1 1 1 1 1 1 1 1 1 1 1 1 1 1 1 1 1 1 1 1 1 1 1 1 1 1 1 1 1 1.5 1 1 1 1 1 1 1 1 1 1 1 1 1 1 1 1 1 1 1 1 1 1 1 1 1 1 1 1 1 1 1 1 1 1 1 1 1 1 1 1 1 1 1 1 1 1 2.5 1 1 1 1 1 1 1 1 1 1 1 1 1 1 1 1 1 1 1 1 1 1 1 1 1 1 1 1 1 1 1 1 1 1 1 1 1 1 1 1 1 1 1 1 1 1 1 1 1 1 1 1 1 1 1 1 1 1 1 1 1 1 1 1 1 1 1 1 1 1 1 1 1 1 1 1 1 1 1 1 1 1 1 1 1 1 1 1 1 1 1 1 1 1 1 1 1 1 1 1 1 1 1 1 1 1 1 1 1 1 1 1 1 1 2 1 1 1 1 1 1 1 1 1 1 1 1 1 1 1 1 1 1 1 3 1 1 1 1 1 2.5 1 1 1 1 1 1 1 1 1 1 1 1 1 1 1 1 1 1 1 1 1 1 1 1 1 1 1 1 1 1 1 1 1 1 1 1 1 1 1 1 1 1 1 1 1 1 1 1 1 1 1 1 1 1 1 1 1 1 1 1 1 1 1 1 1 1 1 1 1 1 1 1 1 1 1 1 1 1 1 1 1.5 1 1 1 1 1 1 1 1 1 1 1 1 1 1 1 1 1 1 1 2 1 1 1 1 1 1 1 1 1 1 1 1 1 1 1 1 1 1 1 1 1.5 1 1 1 1 1 1 1 1 1 1 1 1 1 1 1 1 1 1 1 1 1 1 1 1 1 1 1 1 1 1 1 1 1 1 1 1 1 1 1 1 1 1 1 1 1 1 1 1 1 1 1 1 1 1 1 1 1 1 1 1 1 1 1 1 1 1 1 1 1 1 1 1 1 1 1 1 1 1 1 1 1 1 1 1 1 1 1 1 1 1 1 1 1 1 1 1 1 1 1 1 1 1 3 1 1 1 1 1 1 1 1 1 1 1 1 1 1 1 1 1 1 1 1 1 1 1 1 1 1 1 1 1 1 1 1 1 1 1 1 1 1 1 1 1 1 1 1 1 1 1 1.5 1 1 1 1 1 1 1 1 1 1 1 1 1 1 1 1 1 1 1 1 1 1 1 1 1 1 1 1 1 1 1 1 1 1 1 1 1 1 1 1 1 1 1 1 1 1 1 1 1 1 1 1 1 1 1 1 1 1 1 1 1 1 1 1 1 1 1 1 1 1 1 1 1 1 1 1 1 1 1 1 1 1 1 1 1 1 1 1 1 1 1 1 1 1 1 1 1 1 2 1 1 1 1 1 1 1 1 1 1 1 1 1 1 1 1 1 1 1 1 1 1 1 1 1 1 1 1 1 1 1 1 1 1 1 2.5 1 1 1 1 1 1 1 1 1 1 1 1 1 2 1 1 1 1 1 1 1 1 1 1 1 1 1 1 1 1 1 1 1 1 1 1 1 1 1 1 1 1 1 1 1 1 1 1 1 1 1 1 1.5 1 1 1 1 1 1 1 1 1 1 1 1 1 1 1 1 1 1 1 1 1 1 1 1 1 1 1 1 1 1 1 1 1 1 1 1 1 1 1 1 1 1 1 1 1 1 1 1 1 1 1 1 1 1 1 1 1 1 1 1 1 1 1 1 1 1 1 1 1 1 1 1 1 1 1 1 1 1 1 1 1 1 1 1 1 1 1 1 1 1 1 1 1 1 1 1 1 1.5 1 1.5 1 1 1 1 1 1 1 1 1 1 1 1 1 1 1 1 1 1 1 1 1 1 1 1 1 1 1 1.5 1 
1420 442 5
388 1713 20
1226 1741 26
993 94 5
433 624 4
1919 1498 11
1762 1893 6
1098 62 10
1300 966 10
174 1093 7
1135 1066 6
348 1058 11
715 422 12
1081 986 8
1445 1667 8
1369 230 10
1676 833 6
838 930 11
1491 522 4
890 1186 10
7 1085 5
496 791 6
1534 1004 7
1084 1443 19
1110 1592 19
1585 109 11
474 403 6
401 1146 7
1359 1819 8
1186 283 22
566 1467 14
411 1847 6
1119 122 9
1397 1045 12
283 1610 16
1932 1590 5
1126 891 12
1629 521 6
1694 1034 11
1787 1466 4
742 40 11
1318 1767 5
633 122 11
128 1131 11
1814 624 5
402 1065 10
1495 451 6
146 117 7
58 572 7
1280 697 9
424 1301 7
816 802 11
1070 999 8
493 1707 10
1693 834 10
40 270 10
33 1152 10
810 999 8
1183 1236 11
1663 1564 8
1064 192 8
1918 1086 27
624 1611 5
1667 1180 19
1755 1238 7
135 1013 11
594 825 12
55 407 14
705 1148 12
638 1246 11
817 518 7
851 756 6
1365 1411 14
924 1914 5
1795 1912 8
974 698 7
1249 344 18
213 966 8
1390 930 7
241 392 11
426 15 15
1118 1112 6
1783 179 30
1099 821 7
1632 724 10
109 1404 8
1941 931 6
1820 1839 9
1088 1387 9
856 89 11
1271 665 6
669 1934 12
382 149 10
1792 844 8
271 795 7
925 650 9
1480 1367 8
216 822 9
968 711 8
1832 1048 8
1004 1521 5
540 1423 6
1881 1323 7
913 959 4
1391 259 20
1058 1618 18
667 852 6
63 1075 4
1494 224 4
1916 1458 5
712 1720 6
649 1779 12
1031 1127 8
1812 1563 6
1472 1034 12
1736 1200 4
430 1150 10
65 1726 6
1832 13 12
494 458 5
1177 299 11
1427 655 19
987 135 10
111 648 11
308 180 5
1171 1573 5
1156 132 18
1835 581 10
63 1129 6
1878 701 6
1207 154 6
1473 966 4
713 693 8
1633 1130 6
1658 181 10
43 789 8
1605 451 9
692 287 7
285 922 11
1364 102 9
373 809 10
1906 647 12
402 1858 7
1374 266 24
852 8 4
1170 111 9
758 1332 4
1316 416 4
1261 393 11
1188 1212 4
754 1461 11
1747 566 22
91 488 5
1221 1069 11
1028 32 26
1361 1178 7
589 1004 4
1015 932 15
1698 1223 8
1738 1928 8
287 744 26
337 370 10
1492 787 11
679 644 10
1737 273 4
1225 658 12
303 1104 6
557 1801 5
414 1556 5
983 1189 8
1603 133 7
1892 983 8
912 361 11
578 652 4
1840 545 11
1529 1928 7
486 840 9
476 932 6
1895 498 5
1250 232 9
1251 1802 15
1701 326 12
1012 1427 11
1454 460 7
1673 1097 8
1102 1651 8
1436 879 9
1658 572 7
925 594 7
657 1215 7
1840 658 8
183 1331 7
667 845 7
1155 1410 8
952 1011 10
428 1769 15
1874 1252 7
1881 353 7
678 1615 5
1173 1406 8
668 153 5
435 1821 5
1554 588 11
1352 676 27
329 959 4
1848 1600 8
1158 1777 10
507 996 6
1898 933 7
1499 284 12
1142 37 9
672 92 7
806 1821 6
1020 1023 5
1212 990 7
533 1721 9
940 1212 5
1464 383 11
206 1656 11
1168 573 17
1046 1868 11
107 773 6
1935 77 27
1786 822 7
1223 1757 6
764 1747 10
419 1943 26
33 840 6
1664 331 4
1308 349 8
597 307 6
1451 1657 4
1008 1544 7
957 354 8
533 422 11
543 1511 10
550 1226 10
1071 849 7
720 1210 10
1364 616 11
770 15 11
341 574 12
599 222 7
1915 1196 8
961 1816 7
260 58 19
1509 1611 7
519 232 10
85 471 9
557 1844 4
882 1694 8
1627 733 11
614 1091 4
1257 707 4
11 1775 7
1723 1746 7
1068 1865 10
1372 273 7
1599 981 4
1415 1633 8
247 1775 8
1376 1559 12
1864 1248 7
839 327 6
1743 1769 9
120 219 7
475 280 10
1295 1753 9
51 1143 9
1601 1320 9
19 1835 6
1486 569 9
927 119 12
842 56 10
1143 572 10
323 833 7
1802 949 8
761 914 12
1232 270 6
1355 1569 6
369 117 10
1408 1545 12
1049 1421 8
1866 525 8
1243 785 5
214 786 11
408 1246 24
1000 1521 7
1209 392 14
749 39 5
489 1415 22
991 1262 26
202 542 15
55 1452 8
708 1341 8
208 539 4
799 1047 4
951 46 27
424 1206 7
583 1260 6
277 1483 6
1337 1930 6
1918 479 12
1029 600 11
1346 932 11
349 911 11
620 785 5
1646 161 6
1722 721 6
30 305 10
29 740 11
851 486 12
801 929 15
1016 1285 8
31 536 11
827 229 11
1104 934 4
997 323 5
1765 1739 12
1758 448 8
282 1599 5
773 1538 10
532 386 7
706 940 5
1002 1396 10
948 1875 10
1232 1870 22
1199 533 6
205 1460 10
1012 875 10
1879 1593 11
1154 883 8
1640 771 6
1763 179 8
1010 1914 7
641 1085 8
1166 1072 7
93 1229 11
1432 590 8
320 1763 8
316 889 28
1893 278 24
1195 368 10
1537 872 18
988 450 12
87 770 8
801 1494 6
864 921 4
449 588 15
704 1882 5
848 698 9
562 1606 7
1664 903 4
278 854 12
331 465 18
499 1740 10
1613 60 15
630 1356 7
83 1107 11
1547 1578 15
1616 223 6
1140 909 6
1392 194 9
339 1922 4
167 1114 8
1933 376 8
1078 1803 6
1189 695 11
1888 194 6
971 1782 8
1539 949 10
1089 1720 6
1451 38 4
681 414 5
1595 711 12
1639 94 7
218 1216 6
501 1827 12
1687 41 12
144 1268 12
1144 494 5
162 1396 6
859 1722 12
303 468 19
1008 1764 5
538 413 24
1841 185 8
405 204 9
573 1216 14
1171 579 4
294 1129 4
364 393 8
1273 1053 7
1244 1750 6
453 78 7
41 1830 11
211 585 4
737 1806 4
35 92 5
1364 1416 8
915 1601 7
259 298 7
352 28 6
1110 555 6
884 529 9
1847 1101 10
532 1726 6
1194 1407 5
306 1911 11
317 1506 10
837 1147 11
1879 445 8
1275 891 11
243 45 6
503 685 7
281 1152 7
198 1405 8
1149 1115 8
1415 1868 14
192 1441 8
641 1420 5
1151 929 8
1463 712 11
137 1370 19
772 828 15
1727 189 4
1365 1770 6
1664 1328 6
1915 1371 12
66 335 11
62 648 8
1438 844 6
1621 1821 5
22 233 30
1107 1282 6
967 1559 7
1306 742 15
1524 20 12
1014 1081 12
1160 1275 6
1318 211 8
1414 701 6
975 89 26
235 1383 8
1271 626 6
1791 536 28
919 1760 6
360 223 4
1176 1203 10
1237 583 11
256 1107 12
1666 671 7
565 723 11
401 404 5
180 1432 5
150 1767 13
1753 285 10
1370 1912 7
1868 1678 6
1924 139 6
370 1572 7
659 509 10
471 139 11
378 1876 6
431 1504 4
1549 950 8
1443 1344 4
1515 492 12
416 200 7
1015 1097 9
587 1172 8
1355 1330 8
741 215 6
1003 1307 5
874 1072 12
1465 1740 6
1926 1564 9
1321 608 11
1895 241 15
102 444 10
855 1690 7
1268 1596 10
161 981 5
1497 1310 10
279 1086 24
1385 117 11
1373 268 4
132 1190 7
206 9 9
150 771 6
1195 1034 11
455 1738 6
1609 1163 6
100 1212 8
1848 223 4
1562 1794 7
961 1622 7
1660 894 24
1734 938 12
1900 1150 7
1817 1771 11
120 1881 8
596 800 6
1185 140 9
19 423 16
80 1884 7
193 1418 10
1112 18 10
1452 904 6
783 514 7
1345 1795 19
942 1405 7
808 716 5
1661 396 14
320 821 8
1640 585 7
881 18 11
160 1643 8
1524 40 10
615 1421 7
529 629 9
1934 141 8
679 631 24
1106 434 8
310 209 6
378 1636 15
1288 1627 8
259 1021 13
592 981 6
1188 1259 5
1878 874 24
211 784 6
1266 633 8
508 562 30
1456 525 10
91 1797 8
330 750 12
1016 751 6
1179 252 24
1526 1474 12
650 438 10
824 1053 6
1691 987 9
1403 677 6
713 1545 10
751 1595 10
1616 870 8
1657 223 8
197 756 9
1603 115 10
935 178 12
1160 904 15
585 1600 8
1156 1483 6
803 1697 10
1280 1488 7
1406 1392 19
554 5 7
83 1650 10
1060 1502 10
616 887 9
1037 1755 7
1895 179 15
573 1424 8
724 1435 8
1067 1372 19
391 869 8
1893 916 10
715 1721 6
965 1748 7
643 297 10
1089 1816 9
1076 1931 6
470 1016 12
1551 480 11
956 1805 9
957 514 8
1657 461 17
260 822 12
919 1883 6
1020 1942 7
1750 693 9
728 1467 11
1375 1051 12
1620 509 12
498 1201 7
390 109 21
706 1552 4
169 1818 8
890 1859 9
136 184 27
1141 975 7
1722 958 11
1853 379 12
1656 305 10
1263 1526 8
1908 1181 5
1801 23 4
438 42 26
640 1765 10
866 205 7
1433 1083 7
1913 1402 6
1013 267 10
248 1925 18
598 1247 7
1019 1937 15
1049 145 7
1278 762 8
1830 54 11
1153 1879 30
738 1109 12
1862 1125 7
1007 1071 9
426 1148 9
1324 1886 11
1565 67 6
1341 922 11
1759 1536 8
1932 1402 7
1084 1627 15
989 514 9
302 1896 11
70 1503 6
1909 1786 30
1614 622 7
1639 1806 7
1219 465 5
395 1290 8
1138 44 4
234 762 12
762 580 9
210 88 7
757 934 7
1824 1821 5
910 1193 10
1921 439 11
705 1683 24
147 1894 7
1185 1516 24
518 1057 8
1526 1734 6
1296 477 24
1308 188 11
969 645 6
375 1149 8
1067 1485 6
657 981 7
1306 1322 15
437 97 20
196 1134 6
684 1001 8
1813 629 12
1183 1048 11
1937 121 8
1249 1010 5
154 234 12
847 1003 5
86 1581 9
699 1265 15
1144 819 7
952 1741 11
1343 1387 27
704 675 6
1896 1500 10
1701 1363 8
1903 1228 10
435 1688 5
1106 1052 7
1191 1077 21
48 1926 15
115 1748 12
80 522 5
727 463 6
682 1568 5
1060 1536 9
1667 949 11
864 1047 4
219 353 4
1618 429 10
1632 18 6
464 1226 7
1214 272 11
809 644 12
1915 1464 24
357 1079 11
646 1159 6
1893 1320 6
1207 265 7
520 1825 4
288 938 10
607 826 15
1428 18 24
565 1559 9
561 1360 21
502 1519 11
1192 567 9
1855 501 6
10 877 10
328 1631 4
628 576 8
225 78 5
1612 308 4
444 575 9
1236 184 6
516 1899 11
1531 1805 11
1181 1782 5
1394 1916 10
105 1068 18
888 1114 9
1304 1680 4
969 1698 22
872 1499 7
776 1103 4
1045 1844 8
1540 1526 11
606 1758 12
1604 262 4
442 943 7
411 1117 11
98 1742 7
1845 600 7
1501 785 5
428 800 6
704 1436 8
1910 622 12
190 1739 11
221 717 11
1111 870 5
781 1556 12
74 1763 7
1284 1470 8
1554 1453 8
1438 782 4
443 1611 7
419 1705 7
218 1304 8
1748 1839 12
1172 1645 8
1180 79 11
1479 636 4
1683 1610 8
1358 1886 7
428 589 19
1049 1434 4
1112 422 7
1230 402 18
409 236 6
613 1535 24
1372 1219 4
1769 295 11
1475 264 5
149 1059 26
1302 860 7
1550 485 6
1865 1554 22
1258 355 5
556 1852 10
848 891 7
669 141 6
27 10 7
364 842 24
612 782 4
931 1711 6
127 911 10
691 1137 7
1649 184 24
1555 1291 16
1452 1114 7
1027 1226 7
30 820 12
1063 189 4
1580 680 8
544 1770 10
795 706 5
867 462 7
1681 641 4
1079 1043 8
620 1050 5
457 1694 10
571 930 24
119 1427 8
284 1185 10
1459 1054 8
374 39 14
1877 1105 10
1065 1841 22
298 626 4
655 998 9
250 1257 6
928 572 7
391 88 21
68 1139 7
1376 398 10
767 855 18
996 1123 5
739 1035 9
154 1 10
397 1430 12
1618 649 7
1769 602 28
346 249 11
1385 146 6
1560 1323 4
48 1861 15
1845 1885 12
269 1383 5
662 1169 7
187 1133 22
546 321 10
945 765 10
261 1187 8
1811 681 4
820 342 6
1571 1271 5
824 1175 10
1603 1503 6
1023 1648 8
1203 1386 10
907 302 8
909 342 10
1849 1821 4
1788 477 9
916 1320 26
649 1896 10
753 836 30
1491 125 8
1217 1721 6
1664 1665 15
1518 290 6
97 1479 5
1314 482 5
1923 473 8
783 519 6
275 1405 5
622 1229 10
1267 224 5
1340 441 10
252 696 11
765 881 10
984 1497 11
1287 1764 8
714 839 6
468 934 5
1933 145 4
1029 1598 10
1584 24 11
470 1823 11
858 446 26
1292 779 10
1727 829 6
313 1327 4
1917 1579 5
316 936 7
1859 221 6
1504 1578 8
389 1181 8
1209 1429 8
470 703 6
918 1316 6
1918 1670 26
1360 1189 8
966 1544 5
211 223 7
1218 1032 9
953 1057 7
1177 1742 10
1288 879 8
448 688 12
1292 572 6
1306 863 7
1749 1193 7
1714 874 9
1664 1183 15
1490 810 18
1582 1821 7
712 1089 19
313 1860 7
736 1052 5
1882 1657 4
1492 825 8
1514 1442 7
994 1928 4
814 1647 4
673 750 8
1818 1504 4
797 595 8
896 1443 5
9 1140 12
50 265 11
1573 1849 4
773 576 7
1310 486 11
985 1350 8
1278 576 11
656 1339 8
1941 869 15
825 600 11
1652 977 8
1884 218 5
1038 1746 9
1109 1798 12
1081 1027 6
941 192 8
1777 19 22
1211 1160 30
304 1626 7
1685 717 9
1167 1454 4
1894 1605 7
1418 117 11
837 883 16
1322 686 9
615 1927 12
1753 177 11
1501 245 6
748 735 7
1307 1466 6
1027 25 10
414 458 5
775 1931 11
6 1178 14
1797 488 7
1150 820 26
41 1071 6
1882 1241 6
882 1472 11
1657 1242 7
1661 1470 16
1708 1267 5
1381 1 12
7 1735 6
118 485 9
511 260 8
1010 78 4
1186 1610 10
209 635 5
1342 188 11
1649 796 6
1820 936 7
1587 829 6
1415 1256 6
153 727 8
1843 741 9
1191 188 8
1163 849 11
318 1049 6
801 378 7
496 1860 8
1610 1131 11
1673 1847 6
607 444 15
242 961 10
20 436 9
474 1570 11
1554 1905 14
1696 1543 7
1812 227 15
1205 127 10
849 545 26
330 264 7
831 1083 5
1284 1893 9
394 1829 7
491 1509 4
324 158 6
1862 1832 6
1681 990 7
1410 217 7
1234 696 12
472 1077 10
1910 1692 27
1015 1673 6
1614 251 9
1926 1460 11
190 265 9
1110 1005 12
655 1387 6
1641 243 12
578 353 8
1080 1323 5
1205 242 26
1927 1047 8
1490 1057 4
1750 930 10
1275 1468 10
1597 1572 11
241 483 9
243 798 8
524 10 5
1575 1204 6
610 1349 6
430 651 9
380 829 7
454 616 12
1839 648 12
1562 553 4
307 1362 9
1870 1159 11
1636 1622 11
1007 658 8
1873 231 26
1830 654 18
633 1820 19
983 103 15
252 891 10
1808 541 6
1084 483 15
1311 1599 8
332 1536 9
1274 287 24
30 1365 22
897 325 12
566 1203 6
800 1123 4
1306 1067 6
1499 1516 7
1667 266 6
1245 1715 20
1904 10 7
1321 133 11
1704 1183 8
1591 1248 6
1409 1241 4
1492 156 11
614 1794 6
38 372 15
1894 1246 7
300 1610 11
1211 848 6
1518 1891 8
1092 68 10
1084 846 6
79 968 10
1837 1150 6
491 1607 15
783 1360 9
1636 71 11
668 568 7
1136 201 15
690 922 10
1026 639 5
494 1417 4
583 1872 11
1194 543 8
1055 932 11
1828 1699 8
942 1689 7
1459 238 9
370 880 8
1642 687 7
1029 499 6
1401 1535 27
1549 1619 6
1145 934 4
64 980 30
12 1729 4
971 1315 6
957 1188 7
1861 973 9
259 1520 6
432 1379 24
982 1053 10
811 1316 8
923 1399 6
52 90 7
238 930 7
1162 887 14
1485 1441 4
1321 316 9
293 1402 5
1276 584 26
1118 1887 12
617 99 4
400 1231 6
828 955 11
1343 1533 12
683 49 6
382 1371 9
1307 719 5
1546 991 7
1020 782 8
1128 1030 6
1067 1664 7
1037 1942 5
923 1293 19
1417 417 5
768 34 12
1720 1342 12
1664 947 5
66 230 9
1119 889 7
1760 757 6
927 502 30
1142 1425 11
1199 575 8
1663 354 7
1641 538 11
367 1192 11
1938 1252 8
1747 1310 10
456 410 8
867 249 11
237 1628 6
191 1086 6
165 1053 11
250 1316 7
1603 936 7
1812 1026 7
99 152 7
916 278 27
1921 1605 12
1050 672 4
89 1567 6
1530 294 5
1108 516 12
728 1152 7
1383 113 10
1727 380 7
527 1601 8
661 841 6
603 194 12
65 480 10
1836 1709 11
141 1353 8
55 1229 6
1674 881 6
982 1161 11
675 1409 7
837 867 8
1643 707 7
1007 1225 7
448 560 19
815 1148 9
1611 1051 8
277 1567 12
1911 1114 10
1447 1394 8
1671 1463 11
103 1778 8
1189 512 9
1263 172 6
490 181 10
725 268 6
372 223 19
1127 1102 7
256 708 22
923 803 15
603 739 6
1777 423 10
1696 857 9
1492 600 10
1222 1803 6
1525 973 10
1026 817 6
1277 1689 6
839 1547 4
136 1666 12
1164 711 8
1654 1261 22
699 938 7
114 1168 8
329 1876 4
70 936 10
743 1678 6
511 1909 11
492 1877 9
1373 1083 6
899 771 4
617 84 5
808 748 8
111 335 11
1424 1680 5
1867 1504 8
1303 527 11
1735 1353 5
1760 44 8
661 1040 9
646 40 11
664 954 9
1179 698 12
587 929 8
159 1135 11
1260 671 7
1390 1282 9
723 1226 6
1532 125 8
1489 94 4
1645 319 7
435 1849 8
1572 1032 6
74 1663 12
1350 690 8
528 1465 26
1451 1640 8
1884 431 6
937 754 19
459 509 8
873 810 5
1916 1314 19
358 459 24
1341 1105 7
1651 72 11
135 1746 9
1282 1054 12
1306 468 20
33 1497 10
1180 1516 7
491 1375 5
740 821 11
603 950 10
855 474 9
779 928 9
363 281 6
1023 359 4
525 361 11
1315 833 4
746 1504 6
839 125 8
1668 1125 8
1698 1939 16
972 1131 7
1444 1620 7
483 1246 7
1617 1721 24
62 1603 9
1393 972 12
20 446 6
1190 1567 12
468 1440 5
856 1110 11
1548 587 7
543 580 11
1869 1185 11
931 148 12
1176 1169 12
201 504 8
981 1419 8
155 1030 8
1156 1110 11
559 788 6
996 578 7
164 857 7
190 170 10
1691 1356 8
1093 1000 8
1645 1761 5
324 1631 4
678 845 7
8 791 4
1683 1131 10
714 327 5
895 326 8
1245 1926 8
107 740 11
213 790 5
1568 1825 5
1134 600 11
210 955 11
1429 467 6
1700 1720 27
126 1141 9
381 750 8
150 870 6
528 489 10
507 1743 15
205 469 7
1429 1380 12
1151 1597 8
713 1282 12
1592 962 11
890 478 26
1638 1429 9
1831 1363 6
60 1886 7
833 1510 7
103 657 8
622 809 12
1934 812 6
129 291 6
314 973 12
1422 1883 8
684 1519 12
484 785 7
1093 1521 5
323 1615 7
483 1861 10
609 254 12
442 424 6
1246 1629 26
557 1253 18
611 96 15
1907 1099 8
1667 1285 12
878 636 4
1326 1229 10
43 636 6
1089 242 11
398 588 11
1650 584 9
1145 1328 4
730 1418 12
1084 1895 7
1847 1097 9
830 1097 11
1106 850 7
1859 1335 10
1287 1466 6
1153 1496 9
1501 620 19
1267 750 5
1941 450 7
460 663 4
1813 1130 8
501 761 9
1194 4 8
630 1013 11
1685 770 9
1705 1620 12
1412 843 6
841 358 12
1845 594 12
788 1193 11
1594 168 14
1895 896 4
763 40 10
1311 166 20
721 868 11
1359 1921 11
1314 417 7
1248 1448 26
742 436 9
1923 465 5
60 1817 10
907 1196 11
554 899 6
1127 201 6
548 147 18
1029 629 8
1430 130 9
1148 418 9
1760 273 5
789 10 6
128 770 10
946 998 7
1628 1527 12
610 1342 8
904 1326 8
1569 486 7
374 315 8
902 1066 10
971 1719 13
1087 1346 12
519 561 12
1846 1940 8
1806 1475 5
348 383 8
1468 904 11
1095 1066 7
606 185 9
110 1412 12
1799 1606 10
542 938 9
1801 1844 5
867 1549 12
653 651 12
779 1270 7
908 1563 6
1038 605 10
1138 192 5
1496 1418 11
819 1325 8
1634 1864 7
867 1147 6
917 1447 8
237 445 9
704 1451 15
1186 747 6
565 1226 7
842 633 11
1288 1409 5
1444 1231 9
980 543 9
872 341 10
1031 694 6
470 949 7
270 287 11
983 1562 5
425 766 9
290 1915 12
931 1208 11
1698 1757 11
972 1197 7
101 1825 7
264 1822 5
1117 1120 19
902 229 11
1245 1288 4
963 286 10
1708 539 4
829 189 5
800 1323 7
893 1639 6
17 1925 8
1584 1224 10
530 149 7
1836 1152 7
1006 49 6
237 536 7
332 1759 6
35 497 8
751 266 9
865 1867 6
1537 1018 6
952 1566 8
1283 1734 6
1272 1732 24
1041 1612 7
437 1744 5
1327 1615 5
587 512 8
900 1507 8
274 989 12
527 623 6
1044 1762 12
500 164 6
1932 876 7
853 1402 5
1422 919 8
517 637 6
1889 139 8
702 462 8
768 1601 11
1183 1704 8
240 59 4
894 1872 11
1881 385 8
751 425 11
600 42 9
803 1122 28
419 956 9
3 1221 11
692 1032 6
797 1878 6
350 1442 18
902 1853 12
1716 1046 8
197 1169 10
1495 1246 7
739 1193 10
1319 1605 7
274 1835 10
1412 1656 10
224 208 8
1153 511 12
1094 664 10
1261 648 16
363 851 8
322 1238 6
1779 1498 9
795 1233 7
397 1116 6
657 1167 6
985 83 24
757 334 4
443 1509 7
1679 408 10
1551 1636 30
1688 1279 8
697 951 10
1862 14 15
204 230 12
1673 731 11
242 386 6
1776 219 18
1344 735 7
1808 900 15
784 461 4
1251 1037 6
388 1194 4
1776 1521 7
1329 1851 11
1873 1838 7
1117 731 12
301 314 6
241 439 8
726 274 12
288 651 8
886 1028 10
54 914 12
1417 1458 5
1796 1544 6
577 353 4
520 758 5
602 88 10
1493 1553 4
86 485 6
743 1740 7
101 434 5
1671 532 6
757 273 7
193 371 22
1427 1606 12
1044 630 9
343 1579 4
1808 350 4
1861 1686 11
318 1912 5
1456 1028 24
1576 1352 10
1472 1305 19
82 1141 6
110 1150 7
1404 857 11
598 297 15
1528 785 4
1695 1829 10
203 1630 12
755 1886 10
1914 782 5
1524 1829 7
956 1724 11
1171 1155 7
1822 750 8
336 184 9
1818 1030 7
939 689 6
1413 1025 12
1402 771 6
1548 1645 6
225 1249 7
530 1498 28
1221 255 12
669 641 7
44 1883 8
938 1265 11
915 1013 10
376 1434 5
983 835 8
1655 686 28
1185 711 10
1843 523 11
1485 273 7
655 1886 7
1781 1472 11
1546 1109 9
777 895 6
993 1137 5
1910 306 26
1583 1798 8
710 1650 8
995 1269 21
22 937 11
787 1598 12
246 638 6
936 1056 26
361 415 9
1722 868 9
610 1077 9
1227 426 30
553 1389 7
231 599 10
1184 1400 10
1570 148 6
403 602 11
1304 1504 5
805 1587 6
1391 540 4
1121 1806 5
1799 875 11
1671 712 8
579 1155 4
1902 342 7
1737 1659 8
772 428 6
1472 1542 12
618 337 26
613 1919 6
357 1225 9
1875 386 11
1703 633 11
38 1242 7
515 1208 10
604 417 4
1337 849 10
606 1456 11
1254 1897 9
1279 1828 5
1529 1925 7
1607 1766 8
269 174 8
96 514 9
1227 1550 11
793 534 11
1131 221 9
946 257 7
115 204 27
715 575 12
558 725 5
19 695 14
1864 441 10
1646 663 7
1276 420 27
1548 826 8
714 1680 8
1618 1092 26
508 1427 11
1157 305 8
880 1829 11
213 1466 4
1433 463 7
1924 1469 12
1486 326 11
438 1845 12
316 608 11
1124 413 7
1242 123 6
555 978 12
462 702 8
82 1110 8
1362 398 12
1711 1208 7
1397 1247 4
848 631 10
1175 13 7
402 1357 26
1182 883 10
1594 470 8
372 1523 7
1563 1626 7
778 415 6
884 1740 24
1052 1313 10
635 981 4
572 1378 26
1603 204 24
1375 624 7
1499 425 7
513 812 17
1558 292 10
1733 1351 8
1000 1004 5
1018 425 7
534 397 11
586 1102 10
1590 223 6
281 840 6
737 381 8
631 696 26
1247 1914 5
1748 56 7
524 1626 5
532 71 7
1006 152 6
1442 734 8
333 936 11
826 472 9
954 130 6
1054 1650 11
13 292 12
35 582 5
1861 564 9
290 1535 9
1014 106 11
351 183 8
1676 1615 7
970 1828 7
1900 1297 28
68 1025 8
637 1659 4
1675 443 8
388 1511 8
668 416 8
502 1298 8
1880 232 6
1804 505 8
1892 635 6
1661 1013 6
75 619 4
368 1694 12
370 164 9
1878 991 7
1885 1740 10
852 1706 5
699 651 9
635 282 5
1061 289 7
1737 1485 7
1003 90 4
1593 1270 9
1067 464 15
759 1227 11
513 1206 4
1171 104 15
1355 1169 12
174 1383 7
1510 380 4
458 339 8
917 458 7
1295 1105 8
818 1694 16
549 14 11
25 1174 12
692 337 11
24 203 6
655 1096 11
207 255 8
595 1072 12
1450 200 4
865 1680 8
1568 1579 4
1392 1086 6
662 1467 7
1359 1605 10
1669 759 12
1059 1413 6
196 143 7
199 1825 4
1729 558 8
811 250 8
158 312 8
194 883 12
454 906 8
1113 448 11
1532 892 8
421 1831 9
583 1477 18
1319 1897 9
1295 177 11
1283 1837 11
1583 1784 10
1293 59 7
960 222 9
1121 1137 8
30 1312 6
1229 466 10
49 90 5
722 1301 5
1858 778 12
910 1888 11
1276 1515 12
247 663 4
1537 1667 11
909 653 12
1907 1718 11
1098 936 6
146 572 10
140 186 6
341 711 10
1066 827 12
1126 1624 19
1878 960 7
513 1085 17
1412 820 11
493 1886 10
223 1725 7
1591 1034 8
1827 1213 12
48 1084 6
604 1458 7
1943 1101 6
1870 880 16
1762 786 8
787 743 19
1838 1414 12
1261 608 14
1407 791 4
1173 1239 11
1781 311 6
347 379 9
1005 885 9
646 880 11
1286 1169 6
1433 160 8
1808 377 15
128 1148 8
1541 488 7
1811 1486 15
394 857 9
1723 854 8
1891 1196 11
1665 1269 8
1552 625 6
260 117 12
1130 1920 8
905 1214 12
495 546 6
1035 191 9
1479 1070 8
561 1042 12
982 1558 10
496 380 19
303 1883 8
992 1644 6
415 547 11
731 1531 9
1313 343 6
328 663 6
612 359 4
429 1025 10
210 869 6
362 1768 11
1494 1708 4
338 361 11
1687 1127 9
1727 387 8
612 1844 5
1370 942 4
1088 875 11
424 940 7
521 1819 12
1816 911 12
1440 1064 8
1503 889 11
308 672 4
1848 293 8
1134 1678 9
1666 982 12
468 1104 8
793 397 8
1660 1704 21
1643 831 6
114 1504 8
102 18 7
851 365 12
1801 1045 5
729 1063 5
1940 1775 10
976 1538 11
285 1877 9
888 1468 8
908 636 5
473 334 4
1586 1822 7
601 1481 7
1341 129 12
1308 1622 14
1876 1475 5
1156 567 30
667 804 17
1788 203 10
855 1903 10
1036 418 7
452 937 8
120 1383 7
516 650 6
1936 235 6
1926 354 9
702 191 11
1637 1927 8
384 1542 8
1726 472 11
868 1416 10
96 775 9
1019 1330 9
509 731 11
1898 142 8
1117 1087 6
1592 975 7
1261 335 6
759 1550 8
1336 1430 10
618 1524 7
412 249 10
717 395 10
1188 1200 7
1335 1610 10
651 1411 9
697 46 24
871 582 5
131 1470 10
374 1083 4
1607 651 11
340 386 10
33 1132 9
1811 1541 4
797 1807 11
1384 148 7
320 722 7
453 344 7
454 1039 24
687 264 5
915 1038 12
1322 926 11
1649 136 10
353 1577 7
137 799 6
1508 1495 6
210 352 12
151 799 7
356 1149 15
540 665 6
698 407 9
378 1364 15
1722 1428 10
1064 44 5
487 131 10
1368 431 4
1901 165 6
611 746 20
611 57 7
913 1137 6
889 122 10
1441 637 8
484 497 8
1162 765 6
97 636 5
228 1052 7
233 1513 6
896 590 18
1707 1886 24
369 1378 11
1003 992 8
185 709 11
1423 1520 13
1608 110 7
1234 644 10
1582 1573 5
1483 1240 9
927 1382 9
1858 709 10
1729 1780 8
630 1470 11
1151 157 8
38 585 4
1076 783 12
338 375 12
744 1348 6
8 189 6
324 1562 5
1745 78 8
1907 1187 16
164 446 6
980 821 8
1904 873 7
1808 248 4
1202 1388 7
1026 1046 15
996 1323 5
186 325 8
137 987 15
1363 1340 8
1548 216 8
1623 1585 11
900 1139 11
1193 1888 26
167 407 11
552 975 7
1907 580 14
532 1720 24
365 1937 11
1016 1539 7
1715 1767 6
357 761 6
830 1040 8
715 1416 11
545 1225 6
488 1556 8
1127 694 11
1857 1581 6
1006 1796 8
837 249 6
931 1299 8
33 1286 11
1571 1520 6
138 1323 5
503 612 5
946 1358 9
713 1750 6
802 1087 6
1354 885 26
1088 998 10
569 1710 10
593 1816 12
593 1742 11
1436 1536 11
1871 761 27
1818 125 5
1092 149 6
846 582 4
1328 334 5
1661 630 8
1099 1187 11
1608 1837 26
1708 224 4
591 849 24
501 1043 11
1174 1226 7
1422 934 6
1634 1591 26
46 1542 12
673 1806 7
908 262 8
137 21 15
1519 257 9
246 1629 12
588 1793 8
452 22 11
1690 955 10
216 181 11
377 1467 11
1624 1692 6
1264 1668 12
738 960 8
1567 1939 12
1038 1320 6
1902 305 8
1759 1060 6
972 1581 12
1067 1597 15
852 1510 6
356 688 7
116 328 4
667 380 8
144 175 26
1439 844 8
505 488 8
1624 1712 11
1636 929 9
217 1928 5
957 1934 6
1842 134 4
1455 1253 5
599 1878 9
1621 1258 6
1923 1219 5
1803 614 7
1036 1581 7
252 644 8
146 1593 9
1738 73 4
316 66 10
132 962 26
673 329 5
619 219 8
1652 434 4
159 964 6
1883 303 10
283 15 11
157 617 15
650 1740 7
863 517 8
818 1831 8
283 418 14
489 813 6
345 1880 26
687 1774 8
182 785 5
1288 1932 6
1623 618 18
1557 1751 11
1482 616 9
1799 998 12
803 222 11
1855 586 7
1091 158 7
1067 1655 15
74 827 11
254 1897 12
962 1005 8
1491 1368 8
1553 1021 8
1293 933 4
1390 710 11
74 807 6
20 287 10
1745 1914 7
349 188 6
1365 9 8
103 1360 8
1466 49 7
1732 1888 11
872 284 9
467 1717 8
1237 1649 6
1831 384 12
225 1253 7
1235 867 9
79 425 8
1288 704 8
1633 1256 11
1511 1506 11
1869 1802 30
873 404 5
126 1567 7
1765 1187 10
1913 554 6
512 345 7
300 15 6
633 56 12
1668 1704 9
220 559 10
1730 393 15
591 658 10
261 546 9
1458 417 5
485 770 12
595 874 6
1482 575 7
1244 1408 11
427 1203 11
474 538 10
1320 1746 11
371 1496 8
240 1399 7
1357 1866 10
505 917 6
1464 1059 11
1395 110 12
696 809 6
1772 1329 8
675 5 7
404 810 5
1584 1502 10
937 1763 11
73 1928 5
549 926 6
847 298 4
240 1922 8
106 449 9
673 539 7
1154 191 7
157 683 6
607 330 4
1125 14 11
1017 1579 6
417 933 5
309 1829 11
1894 1686 10
213 244 8
508 1693 18
710 930 6
124 1714 6
1281 1346 9
682 977 7
454 1416 21
592 1419 6
786 1356 11
1759 255 11
767 1941 30
21 418 11
1895 871 6
648 56 11
214 1470 8
1934 1212 6
1588 1896 10
137 1842 6
664 423 8
666 1583 24
1478 6 22
772 269 7
1347 1216 7
212 701 26
746 1216 8
1381 1506 10
1032 1543 12
257 1387 6
1865 1741 12
814 160 5
1081 105 11
1198 1350 15
1380 973 8
519 1430 11
1174 963 10
942 1530 8
1841 525 16
86 1197 7
1663 902 6
1578 1168 14
1221 477 6
942 1912 8
336 671 11
390 1695 24
483 392 11
1728 1722 9
1669 300 9
357 849 7
261 1 7
1009 1035 9
356 258 9
1721 575 12
939 39 6
140 703 15
1450 374 5
852 1615 7
1084 180 6
512 514 28
1376 550 6
994 355 7
1231 226 10
1459 1282 7
1338 469 24
114 865 4
760 1240 11
1509 433 5
1296 1502 7
1281 1805 9
1717 1686 10
1889 3 24
400 411 11
1044 605 11
1651 1780 9
661 1346 8
1361 1296 9
309 1348 12
327 522 6
887 1721 6
51 1658 7
1406 950 12
587 424 6
290 1413 10
206 1263 12
968 1595 7
202 642 20
1824 1699 8
935 167 30
291 1282 10
1303 278 6
1213 72 9
1752 555 6
352 450 8
384 1195 6
157 1636 8
1687 1651 30
598 1852 15
1434 1421 5
888 373 6
480 386 24
1071 761 24
1391 719 8
178 974 6
1278 773 6
593 340 6
171 1200 8
1341 1350 6
449 398 7
1564 807 11
1715 1848 6
924 1745 6
1271 99 4
799 864 4
937 1564 12
1474 843 9
1440 1659 4
1255 258 7
94 959 5
634 764 18
1077 1636 8
232 423 12
901 1757 8
1876 1806 5
459 1724 11
1589 338 6
796 686 11
1713 1315 7
1695 1585 11
1804 1458 6
16 312 7
76 1460 10
1684 735 8
1469 471 8
227 627 10
1151 1571 5
840 1132 11
246 1209 22
1654 333 6
1614 1712 26
322 643 15
22 347 6
1526 1766 11
7 1353 7
843 1297 11
1313 1579 5
75 652 7
369 1418 8
1548 513 20
1439 782 6
513 1353 7
599 1109 7
1368 125 5
538 1941 9
1392 456 11
1755 1914 4
1533 875 7
517 1923 7
1267 1309 4
413 1570 26
1800 809 7
277 1240 8
1115 709 10
1129 151 7
792 1213 9
587 100 7
1548 706 20
483 564 28
1408 1390 19
1525 521 12
1039 958 11
999 1731 8
84 1520 5
1782 804 4
108 646 9
169 125 7
563 1931 15
1496 1790 6
507 1879 15
440 404 4
256 838 6
330 993 4
228 1675 7
1157 1526 11
315 1103 5
1711 413 10
308 1432 4
62 608 7
1155 1699 5
1412 1150 10
1379 486 10
62 1839 7
694 1163 10
1046 629 11
1635 926 10
1471 203 9
1263 1540 11
985 693 12
1307 1787 4
1668 336 6
113 1080 19
1604 43 6
613 1371 7
643 1851 11
1538 1739 26
661 1805 7
346 26 9
1357 1028 6
12 374 8
1305 46 6
962 126 10
1738 1821 7
1190 975 7
1096 875 8
1199 868 7
1628 1090 9
384 1437 9
535 1248 11
1815 238 6
138 1446 4
1406 462 11
1449 955 10
626 1787 7
532 1700 10
563 1042 9
1836 1169 9
310 1775 4
510 1219 7
1748 335 10
928 1593 7
414 1804 6
709 1754 10
928 1022 10
226 1705 12
708 922 6
537 89 11
860 689 6
434 343 5
534 563 30
519 1116 9
329 224 5
601 1606 8
1488 46 6
748 590 6
549 292 16
1709 1152 6
1619 410 11
81 906 6
958 1887 6
394 287 10
1255 1028 7
1749 191 11
16 1794 5
1403 978 8
1792 359 6
701 1122 11
1697 1122 9
869 1449 8
43 10 8
1222 1167 6
212 1838 12
1405 1345 10
1921 314 6
969 89 12
650 1678 24
1271 1544 7
1029 594 12
1904 861 6
1780 586 28
1788 1889 12
172 651 7
1393 221 26
1305 1591 11
596 1577 8
1627 1926 10
1001 61 8
105 449 30
1774 1822 7
1668 686 7
1099 1207 12
492 584 6
1231 1097 7
79 1516 6
326 1488 9
1438 1253 8
1662 47 7
650 629 7
1038 898 11
785 582 5
760 1289 8
1098 56 8
937 229 12
11 158 5
678 1315 8
1257 1024 5
285 1545 9
1108 1633 9
819 1394 5
1328 1737 7
1759 203 12
506 741 8
1549 462 9
1055 1002 6
1264 14 6
1429 1686 11
1939 1005 11
1296 1536 7
238 693 7
924 23 8
1082 1455 7
994 1529 4
288 1474 11
920 849 7
1882 876 6
401 1165 4
984 427 9
52 1644 7
15 1809 8
227 1868 11
515 1570 11
279 1193 7
891 306 9
1916 417 6
1061 970 8
1074 593 6
123 1523 4
595 1778 11
1899 499 6
1874 239 7
1461 469 6
1473 1300 7
402 778 9
879 85 10
1666 926 10
649 149 7
1796 244 6
1353 1233 8
1586 208 18
708 1054 16
1644 1021 4
1653 485 24
1065 1754 6
263 1043 11
1283 342 9
1255 415 6
300 87 12
752 1278 6
552 37 28
309 857 8
1305 368 9
1943 731 8
1862 1048 9
1126 1468 12
207 1502 6
91 933 5
614 745 5
162 1724 12
543 265 28
1833 1721 27
1655 1322 10
235 138 8
578 75 7
749 1373 4
974 1692 24
1660 14 8
523 1798 10
1141 885 6
279 1670 6
1580 1327 8
725 1647 4
872 79 26
836 1625 9
1337 591 10
589 652 7
1230 448 11
180 1684 6
722 940 7
1583 1262 11
166 158 6
1872 671 12
349 948 11
1527 1593 12
1623 1696 30
397 775 12
929 826 10
826 948 11
558 814 15
93 1468 9
1656 699 9
1727 1782 6
1455 78 5
611 1818 4
847 966 7
9 1265 6
291 420 9
956 1101 10
21 717 28
448 361 12
1336 423 8
1529 1582 8
1202 315 8
1532 1462 13
447 1347 17
1736 1172 6
1120 1620 9
1159 763 8
1073 1481 11
795 1487 8
6 139 11
1864 475 12
1681 625 6
234 821 21
505 1394 6
1174 1011 7
665 1300 8
1872 1125 12
209 1775 7
776 1252 7
1789 659 11
1244 1198 30
312 1215 6
1511 944 9
1749 346 10
772 285 15
1895 308 4
955 1929 10
1034 362 9
377 728 9
749 1302 5
1084 552 15
1547 155 5
1662 1315 6
1882 1402 7
850 977 4
834 1555 22
1573 17 5
728 104 10
63 1651 15
409 1430 11
570 1579 4
498 497 12
1607 1900 9
1872 1273 19
495 740 8
1576 676 24
432 1672 21
1369 133 8
1048 1236 9
1865 1566 10
375 258 12
772 1080 20
1513 347 6
162 1055 22
1249 1253 7
967 1566 8
700 900 30
2 862 12
1114 167 8
1171 1511 15
1645 1301 16
1615 1315 6
1118 422 11
1462 1491 7
533 454 12
195 1051 8
894 292 8
205 1066 12
1079 1007 10
1838 991 7
882 1448 11
374 727 7
581 345 11
375 1113 24
989 406 10
442 1085 7
1138 334 4
1311 1846 4
700 670 11
1255 77 24
1589 1772 9
1117 1346 12
1781 777 30
853 771 8
528 1885 9
867 883 11
1612 716 7
455 1808 7
187 53 6
1678 1598 12
733 676 6
1127 1855 12
4 1911 28
455 543 15
935 679 11
1426 332 30
1736 1301 4
1550 86 19
57 447 6
1855 1102 9
853 1715 8
1063 1181 8
1146 861 18
1050 35 8
1715 1523 13
1491 1216 7
153 1450 5
356 912 6
1515 1650 7
911 1742 11
212 874 27
691 94 8
1728 1674 10
1266 1603 6
1105 1295 8
435 73 7
122 1321 8
459 731 10
533 1887 10
956 659 10
1380 609 6
1714 1784 11
48 1528 5
595 1784 12
393 1505 8
1699 1824 10
609 521 10
879 1502 7
1886 1702 26
671 796 9
301 1246 7
199 434 7
1444 509 8
265 821 10
913 893 6
927 1707 11
1279 73 5
678 1713 8
26 462 10
708 1350 11
1627 354 28
1290 418 11
536 445 10
70 889 9
1463 1205 18
1576 379 7
181 660 10
163 1815 12
515 1228 8
1592 1567 9
1269 1665 8
1009 603 6
642 434 8
1596 1826 10
1565 1206 5
1072 215 11
1524 1348 12
14 1635 8
1820 204 6
163 1295 30
476 1002 11
405 1839 10
1779 1059 11
332 139 15
1762 753 11
892 1347 4
1344 484 8
1746 1356 10
484 672 7
912 688 10
254 439 21
943 1085 8
1311 96 8
246 1819 10
480 911 10
894 1161 11
1858 36 12
1548 96 8
1496 181 11
1440 934 4
758 1051 5
610 472 7
593 71 8
105 986 11
85 674 9
1273 13 9
1157 1474 10
995 952 24
1670 26 11
1261 111 8
718 1543 8
841 1620 10
1749 26 28
405 364 12
956 1531 6
1557 1371 8
1328 934 5
1134 1813 12
1810 1114 8
1509 850 18
1881 1560 5
741 1400 11
964 354 11
1840 1043 10
1810 821 8
1063 845 7
1222 1574 7
1412 1297 9
1695 744 11
1810 1662 8
124 1778 9
1495 1897 7
469 1135 26
1161 13 6
1841 709 6
329 1806 4
195 1814 5
320 1172 5
502 60 9
691 673 8
1550 395 11
1760 1441 7
1942 78 5
668 1316 4
1733 353 4
397 1360 11
1867 327 5
1335 426 9
427 1310 11
1061 355 4
351 1201 5
1495 314 24
1027 979 7
98 948 10
1854 1402 6
372 5 8
1398 1418 10
1894 1679 12
674 1069 10
1550 1131 12
29 1739 11
1723 768 6
1274 880 10
275 1277 8
1100 691 4
1423 1764 6
126 1939 8
877 1165 6
1870 646 8
1602 1611 8
1278 944 10
428 507 7
895 1034 11
954 726 10
1700 98 12
1232 744 12
1604 1165 4
1186 1857 12
1140 938 8
1747 1386 6
1257 39 8
640 1381 7
1824 1849 6
1685 1834 11
1902 1411 7
1845 1740 7
1096 1886 6
1540 699 30
552 1752 11
903 637 18
320 7 16
1306 947 4
965 70 9
1113 32 11
99 1466 8
1753 1877 28
1451 1763 8
635 312 8
1272 462 21
563 775 7
130 514 11
291 1650 11
319 1206 6
1317 197 6
993 1642 8
355 1849 5
1486 1437 8
141 176 8
184 1125 12
313 997 6
989 345 10
953 1744 5
1404 109 8
108 1274 11
337 287 6
635 1454 7
1277 656 7
1594 703 11
702 1749 9
1863 451 26
231 1784 8
1290 395 8
303 934 5
1382 1001 6
920 694 10
603 410 11
1439 1020 19
166 745 13
645 975 11
630 1480 6
584 1877 11
491 520 4
656 1421 5
1714 1109 10
1354 1190 12
366 737 5
1866 1851 7
202 1817 15
1712 631 6
1223 1289 7
406 563 9
934 334 5
1245 372 4
1778 835 8
1144 923 6
5 293 10
428 75 6
56 1503 9
830 802 11
758 1825 5
429 1500 6
1058 382 6
1494 94 7
1690 474 12
598 1397 4
569 1768 28
29 1187 8
1417 240 7
1938 918 6
1484 955 6
296 1413 9
1113 525 8
794 586 9
37 1289 10
582 1201 5
1144 1710 15
1396 1101 11
151 921 8
1934 171 6
1907 1506 6
1818 1216 7
119 508 11
726 130 26
322 556 15
115 1503 26
1800 407 7
935 1452 9
1409 1767 6
801 1267 6
929 1622 11
1898 59 8
2 1625 8
1808 579 5
828 450 9
1144 1314 20
1617 616 7
275 1912 5
479 194 12
432 1330 12
639 999 12
1889 1069 21
1512 1544 5
1017 1602 8
639 404 7
924 359 5
1232 880 10
857 1572 9
1245 85 8
435 355 8
1099 1718 6
131 267 6
168 266 6
258 1851 9
567 277 6
1456 356 9
387 313 6
576 50 9
262 10 8
699 288 6
1841 1851 14
1638 241 30
52 298 6
1638 1508 12
1674 1435 10
1856 936 24
1019 1355 6
569 1488 11
1317 365 8
728 1132 28
800 652 7
475 1768 9
1426 1060 6
1018 1516 10
352 602 7
439 241 8
792 849 10
1093 1004 5
1758 1255 6
506 215 11
1183 1655 9
917 1458 5
323 845 8
722 271 4
1012 1291 8
568 689 5
1293 1898 4
263 1213 8
1730 230 7
941 1145 5
1691 1625 11
476 661 12
1235 702 30
396 278 6
1247 1082 8
918 1874 7
269 652 5
615 275 4
1797 933 5
166 1167 7
529 1598 7
1783 74 9
553 312 7
301 720 11
1906 1436 30
986 398 12
1551 1671 12
1590 38 5
1846 663 19
135 854 9
1897 392 9
1022 1658 12
331 1441 4
1873 1414 9
768 862 10
1022 1090 27
179 1763 8
376 134 5
1613 758 6
1254 973 7
1245 38 8
222 874 6
1656 1150 24
98 1816 12
1917 1814 5
1938 268 6
642 1814 7
421 1486 30
1530 921 7
1576 964 6
1774 1475 4
1731 861 8
551 1579 7
1732 883 8
1345 145 5
587 669 15
233 1564 7
120 652 8
1584 175 6
1712 891 8
1355 365 10
180 582 4
1446 1323 4
862 1470 12
92 735 8
388 93 8
1575 106 10
138 596 6
1549 26 7
1031 658 16
920 1225 12
21 1685 10
1268 1502 7
444 765 11
1569 1330 9
1387 1606 12
108 500 12
622 631 7
1613 1900 15
836 2 6
296 149 7
397 1250 19
986 1011 12
390 1159 8
318 1047 7
1080 1446 8
1769 413 7
1182 1009 9
1585 692 19
291 985 12
1863 1894 12
1619 1272 12
1299 295 9
649 1751 7
1558 1862 9
456 1193 6
387 680 6
87 717 7
1272 1147 8
1647 707 8
971 1706 6
430 1474 7
1033 417 5
1838 1109 12
599 1798 8
386 299 26
1294 853 4
1859 717 9
1587 1860 7
1391 742 8
1395 843 26
1318 293 7
1885 884 10
492 930 10
1292 117 8
1216 1424 7
819 59 5
1832 1125 10
1909 260 11
1669 1335 11
1500 149 11
1826 1502 11
1643 1103 6
1044 1691 30
954 1042 7
187 827 10
1133 1460 6
1308 948 6
132 969 10
1912 769 5
1807 1873 18
233 379 9
1484 869 11
1043 1930 9
1459 177 7
320 1077 8
45 988 24
108 1404 30
252 1126 11
290 1751 11
424 1200 6
1377 1076 9
973 467 11
895 311 6
897 1164 24
1528 1432 5
1400 1334 10
835 1778 8
1551 349 9
78 1253 5
1673 1620 12
1371 1139 9
946 1291 8
723 967 10
1477 824 26
931 450 10
739 410 7
752 762 9
1654 648 10
383 1507 11
1708 1822 18
1851 77 6
1802 168 11
1621 1442 8
280 777 9
1511 265 9
1031 72 14
683 1300 7
263 792 6
681 458 4
1453 597 12
1325 1394 7
1201 1331 5
276 133 9
1614 1234 10
1833 721 26
245 785 4
1404 1572 11
591 1136 9
1176 33 12
1608 1412 9
542 1770 11
476 509 11
1006 90 4
193 1378 12
601 1088 6
1039 715 11
1197 1857 26
1379 1310 8
879 674 28
383 296 19
823 963 11
96 1835 11
9 1766 7
1401 649 12
1745 359 7
982 796 6
1091 16 4
706 271 6
320 957 4
487 915 7
664 695 7
1015 1346 7
1847 731 7
1218 390 12
1625 396 9
1813 1492 24
798 1124 19
1312 1150 11
722 100 8
548 1319 6
1482 1118 6
899 1932 5
598 322 6
1369 276 6
18 958 26
328 981 6
66 889 9
1209 1819 16
1476 1690 12
983 1574 6
1119 230 8
1399 458 4
187 1135 12
858 1032 27
741 1798 11
1584 674 9
1228 1208 11
318 145 5
58 1090 6
199 520 4
745 1389 5
877 97 19
116 460 6
1 1187 12
951 1864 12
479 410 7
1481 1298 10
1231 1101 7
1643 1083 4
1462 1424 5
893 94 5
774 229 10
1679 1246 10
1933 921 4
421 280 11
1142 978 9
1058 1677 30
1377 793 12
124 1072 8
1725 585 5
995 588 8
567 978 7
1174 1559 12
190 1538 10
474 602 9
1710 1542 9
587 543 8
1205 98 7
1530 145 7
1461 1095 10
546 50 6
1100 94 7
300 395 7
866 1461 26
358 1097 12
1382 1298 7
1375 736 4
1391 1151 4
1133 733 14
1373 707 6
523 991 24
1943 1444 10
1099 1506 11
1427 875 12
1871 920 12
1812 879 15
1555 1001 11
335 333 10
515 798 11
141 1552 8
1425 645 10
1046 227 9
780 492 9
1389 1078 4
737 539 4
1071 1871 10
790 1764 6
604 933 8
1205 65 9
1728 859 7
1842 1047 5
160 1388 5
101 551 6
81 1199 12
583 1862 30
663 161 7
546 1538 7
347 469 10
740 621 6
110 1474 7
1414 991 10
1414 523 10
1294 1767 7
100 513 6
1893 623 7
132 537 9
907 1896 6
1811 835 15
725 416 6
1741 1559 6
1628 117 11
612 1037 4
1179 904 8
1374 766 6
1068 1575 9
1660 1048 12
1351 385 8
560 1357 11
1859 1197 10
1649 1053 7
953 999 8
1141 1354 10
1518 1498 7
334 1219 5
620 716 8
1074 188 15
1296 175 6
1251 1329 15
1287 90 6
1108 1046 30
1314 481 8
1259 1552 8
274 345 7
142 1556 8
1780 849 7
1740 156 26
757 1219 8
116 1419 5
534 236 6
1014 1665 30
113 1383 8
1345 1434 6
1065 525 10
1344 590 7
1513 1066 12
700 348 12
51 193 10
1748 936 7
102 868 28
494 1458 4
971 1587 7
567 1757 15
556 1539 28
1224 1502 24
561 1336 24
1336 1880 11
1473 152 4
641 940 8
1040 830 8
1674 1162 22
1579 1814 5
886 361 7
1560 619 5
1936 1123 4
1382 1291 11
1359 1629 11
72 761 6
8 1706 8
1695 880 8
1760 934 5
957 536 8
1235 1182 11
718 1218 6
556 1516 7
1682 1781 11
349 610 12
433 1106 4
1501 735 8
127 1308 22
1582 734 8
1390 420 6
1477 1666 7
1597 436 28
1151 1003 6
813 1740 11
756 365 12
1333 628 11
389 678 4
1884 1504 8
1166 960 9
1096 946 10
1658 730 12
1376 979 8
1936 385 5
289 355 7
22 866 18
226 1531 26
764 1709 26
1565 7 7
622 251 12
1207 944 8
338 77 9
1744 817 4
1612 1432 4
1319 1246 10
119 1358 6
1820 1098 11
189 680 8
1843 835 30
284 574 11
1583 595 11
1599 312 7
596 1323 5
385 619 8
1786 1385 6
537 975 10
1916 481 6
1884 522 6
980 580 11
492 571 10
120 1004 7
1478 1826 6
157 1271 5
1707 562 9
659 1015 9
684 1012 24
480 1074 9
1735 1681 7
99 1008 6
656 1637 5
1922 1447 7
969 1939 10
801 816 15
141 1565 5
1929 413 11
1792 1438 8
566 427 8
176 943 5
284 1539 9
1275 809 12
861 1057 4
260 445 11
1376 1011 11
235 1323 6
1113 361 10
1916 1394 8
260 1090 6
172 843 6
1630 255 11
167 698 11
1306 823 15
214 898 11
1690 413 7
1884 1030 7
25 1362 27
1313 1052 8
666 960 12
1206 812 4
1463 1074 30
778 1456 10
1636 1077 8
1465 600 8
54 357 19
1335 1197 24
986 1269 11
186 425 11
726 1116 27
57 1884 4
738 1561 6
917 604 6
1856 1730 9
95 1208 8
1571 665 4
537 885 6
1251 557 4
1274 1696 9
282 663 6
1176 1152 7
384 1768 7
140 325 9
587 1791 8
1759 471 10
1235 1173 12
1041 716 4
507 1534 5
1713 1181 13
178 1211 11
1385 1593 8
36 525 12
1675 624 5
959 1806 4
251 1911 9
1535 1891 12
156 594 6
1711 1299 9
1241 5 8
556 168 11
145 1434 5
550 979 9
170 1187 10
1921 973 12
318 134 8
1133 74 8
1903 1570 12
1218 1829 11
1865 286 6
1906 1224 11
101 1332 8
411 419 18
38 1600 14
632 794 15
1686 638 10
1809 1834 10
649 1413 12
1211 1126 11
1676 791 6
1561 991 10
557 685 4
1802 325 11
893 1309 8
141 943 18
918 1103 8
654 1609 10
1534 269 4
644 891 11
1533 493 12
1898 339 7
913 1822 8
1585 1543 12
1198 1545 7
877 878 6
1127 658 11
1508 1921 8
961 532 9
1358 1519 7
1906 1924 9
541 1061 7
1366 806 6
1496 237 12
1233 171 4
909 1474 11
128 815 6
1484 1228 16
1124 95 11
1658 117 7
227 143 28
1064 334 5
1840 54 11
6 1630 16
1932 585 4
321 621 27
1804 1394 8
1569 1152 10
1846 1631 6
1638 408 11
283 1834 6
1160 698 9
451 564 11
21 1197 7
914 201 11
1853 1763 21
1374 1516 7
1513 1564 10
725 689 7
546 621 24
1162 906 11
185 525 11
716 245 5
336 1660 12
1374 325 7
489 156 12
778 547 9
777 1363 15
1854 1523 5
1154 194 7
1345 1405 8
526 506 22
1777 581 6
1358 1387 24
1254 1525 6
1250 345 7
642 1579 5
1743 88 8
755 1519 9
1289 760 8
453 1914 8
687 1822 5
773 762 9
126 1752 7
928 1090 24
267 623 11
799 1912 7
800 1004 8
428 1753 15
682 1051 8
944 1718 11
323 729 5
1230 886 6
1575 1785 9
675 1725 6
1812 1604 6
1457 1478 10
1284 396 7
231 991 6
1784 701 9
597 1269 9
972 1859 12
1448 368 6
902 676 9
399 766 26
923 604 6
900 530 9
1162 81 8
1885 143 9
1251 167 15
256 1054 10
464 1905 11
1936 1577 4
1680 431 6
811 689 5
1799 755 6
974 631 7
1795 145 5
506 1400 6
1141 555 24
537 1192 10
1903 1484 22
310 1389 4
1553 1520 7
1024 1302 6
459 1117 11
1811 781 5
1443 716 7
1250 1116 6
478 1197 6
987 623 7
1776 589 5
34 214 24
925 825 8
1411 1734 6
1164 1667 11
505 481 4
1097 802 9
798 450 12
443 624 5
1683 1857 11
1574 161 6
1221 471 12
1251 1397 5
1012 1702 11
1529 355 8
547 1772 10
1083 39 8
723 1011 8
295 988 6
1287 665 4
1243 846 6
1853 774 24
541 1821 5
1014 1453 9
1162 1435 16
1527 445 21
1208 403 9
500 1585 8
1055 509 16
259 213 6
496 1181 7
795 940 7
524 1904 8
985 1105 21
300 1834 11
1730 1369 6
777 1542 7
791 1860 8
113 1446 6
1092 1751 8
845 47 6
1679 451 6
643 1028 7
1277 1405 7
42 143 11
1257 568 8
899 876 8
48 620 20
1349 1816 10
1568 343 4
1344 1201 7
110 1770 10
1196 1588 8
147 246 10
405 56 11
1524 287 7
1589 547 7
1191 1177 24
871 785 5
654 920 7
1166 215 15
1408 1650 12
929 386 7
320 1360 8
1068 723 26
47 1181 4
1767 1242 8
107 640 18
1058 383 11
294 769 4
1639 1475 4
1757 1517 8
715 1217 19
1843 797 12
479 1193 7
659 1101 24
45 1299 7
818 1363 11
136 796 26
162 509 10
173 1625 9
20 1274 10
297 688 9
1453 1269 7
702 1035 11
1063 496 15
354 1763 10
3 24 11
1585 1032 6
1790 490 8
1469 674 7
1436 1069 8
954 345 7
559 1888 12
798 1208 12
309 394 6
366 959 8
1935 415 26
1071 1213 7
1714 666 12
851 1672 11
510 1883 7
427 1672 7
104 365 9
159 354 9
1899 529 30
1537 140 30
1021 152 5
1829 446 9
923 1749 15
1345 769 6
447 1680 4
206 1607 30
1557 1413 12
1291 875 11
1147 412 8
205 159 12
571 1054 10
793 954 6
325 168 9
570 195 8
1713 1719 6
1808 980 15
1557 382 6
144 477 27
341 531 6
1403 37 7
742 1543 9
1546 231 11
1265 544 8
1810 1063 4
1783 1338 11
627 1256 11
378 830 15
1869 1445 12
1267 1522 6
1576 469 7
1463 340 6
769 145 4
166 247 6
1844 344 8
251 306 6
1705 1002 10
1171 1220 15
1476 403 26
910 26 9
370 1348 7
1180 266 6
478 1131 8
58 730 9
1536 1178 9
164 1032 24
48 1142 15
625 1487 8
1852 1823 11
601 1298 9
1864 1034 7
1146 810 7
1427 1298 11
491 502 15
399 1499 12
63 615 5
418 485 6
1408 420 6
319 1934 5
1794 1167 6
957 265 8
824 671 8
1111 1616 4
1351 1123 5
681 488 18
647 1426 11
1779 149 10
465 192 8
1692 1468 12
1016 949 9
1143 536 9
767 1711 6
1525 1897 8
666 215 8
1707 1291 10
1106 682 8
587 1627 8
1526 938 12
995 979 12
85 1596 11
319 176 8
1158 274 7
720 1605 8
373 1179 12
815 1131 7
1846 745 7
1366 73 4
304 1731 4
1124 148 9
1853 807 8
618 1232 10
1154 279 9
175 674 11
186 1595 12
1443 1201 4
866 159 9
1696 309 6
1513 229 11
142 494 5
1198 713 6
915 623 7
1384 1228 8
1872 184 6
1410 1699 7
941 1659 7
236 1430 7
383 1535 6
1728 1632 26
463 315 4
106 1226 24
805 980 8
865 1504 4
1495 1863 10
1780 72 11
1284 862 7
1379 1286 11
907 1139 14
1648 1942 5
456 1154 10
1745 1942 4
336 13 10
1693 493 9
1268 255 7
1457 1584 9
388 1063 8
567 1240 9
1628 730 10
1602 343 4
611 839 5
1779 1919 6
1414 1262 11
179 733 11
170 1538 24
816 1281 10
382 1751 7
247 1419 8
667 1782 7
830 816 9
1275 698 8
182 1331 8
473 1219 5
508 755 6
923 414 6
1067 757 6
558 1651 8
919 1104 4
280 1248 24
856 1939 8
1266 1703 11
1705 956 12
274 1430 7
1573 1821 4
438 1678 27
1617 1833 10
893 224 7
1545 1350 11
1111 1402 7
1855 914 8
1380 439 9
1076 423 11
98 386 7
1548 1736 4
864 1842 5
1909 146 6
854 1480 11
543 1538 7
1329 1772 8
272 1482 30
897 949 21
392 314 6
579 1928 7
753 173 6
746 1030 8
516 787 8
1056 1839 6
1420 1353 7
1264 1704 7
1101 1724 26
1514 1928 5
1599 745 8
248 994 5
613 149 7
1562 1454 6
99 790 17
1062 756 27
1452 644 11
629 1868 9
743 1465 11
1234 55 22
482 1922 4
215 1184 8
789 878 4
440 1626 7
596 652 5
437 639 4
1901 1161 12
1846 1222 6
164 858 10
947 863 4
218 1030 8
1493 1544 6
75 577 4
1487 1301 5
607 801 6
858 1524 12
1281 1002 11
1666 13 12
28 1208 11
539 1309 7
841 1087 9
98 65 12
1068 1174 7
1006 1466 7
51 1292 26
1677 1371 9
154 576 11
39 1388 20
143 1716 10
1764 1493 7
1646 1389 6
255 175 9
729 380 6
965 1098 26
186 1285 10
71 1622 9
1366 734 5
169 1424 16
1467 756 6
248 1442 7
57 839 8
173 623 10
1364 887 11
875 1073 9
894 671 10
1239 1406 11
653 1157 24
877 636 5
1634 475 9
447 892 6
1140 1297 7
217 1442 5
1562 1631 6
798 988 6
1348 880 12
1090 822 12
100 943 6
565 1362 6
905 1364 30
832 1327 7
1770 1312 10
654 1079 26
1932 1242 8
589 120 4
1223 1425 11
321 50 26
634 1019 30
888 1911 7
1133 807 11
153 1083 4
1349 1191 12
1800 974 9
1515 922 10
363 634 11
898 862 6
506 1798 16
455 994 19
216 536 9
1423 683 7
453 503 8
997 833 8
551 624 8
1080 1123 7
1834 747 10
1244 780 18
64 170 11
1587 1407 7
518 1626 4
1311 1697 8
863 1883 5
517 1883 7
941 934 7
481 1458 4
1779 670 10
279 1035 7
529 1029 6
1540 430 6
879 1178 11
1165 404 5
1334 991 11
920 1043 7
605 623 24
1210 1495 9
1451 1318 5
1009 1147 15
1243 716 5
1240 1752 9
801 1100 19
1382 601 12
1094 345 6
113 1323 5
1827 1102 21
1431 318 6
202 1568 5
1126 1692 6
929 472 28
780 256 10
1641 210 9
183 1201 5
220 479 7
1409 1882 5
1777 1880 12
1427 1387 6
1049 1912 7
965 1654 10
1179 1114 21
1525 1605 11
366 1475 7
1190 1425 10
1797 1541 7
305 1474 11
978 1757 11
590 672 4
350 970 4
605 836 9
514 1360 10
910 1670 6
1522 1806 6
1521 385 8
350 1366 5
1550 770 12
57 1128 8
1869 470 9
1031 201 11
1027 1362 24
778 1028 10
1194 805 8
1677 1891 7
214 1601 10
662 1310 8
117 31 9
1270 1090 6
1723 1356 9
1407 1719 6
1858 361 7
1338 233 9
1856 648 10
1676 667 4
1238 557 4
455 289 6
1354 555 27
1217 18 7
7 1552 8
1645 253 7
1026 1321 15
1177 911 8
455 1366 6
1599 1419 14
1892 803 8
183 896 7
1675 1611 5
142 1458 7
1118 616 8
104 1203 11
1260 1053 10
1462 1030 6
814 1433 8
735 1501 10
801 1639 6
1559 1566 12
1781 1634 18
1325 339 6
1252 568 10
322 1251 7
280 1694 10
1471 477 6
1703 276 6
244 1520 20
1372 510 4
134 1405 8
1377 1189 30
1146 440 5
2 854 10
1651 1213 11
789 636 5
9 305 11
1812 440 19
768 278 9
3 1630 8
1854 1294 4
61 1771 10
1684 182 8
81 1435 11
1445 1537 11
1180 1595 9
1384 45 9
1431 145 5
420 1545 12
697 1248 7
1653 1148 7
272 1728 18
170 752 9
1780 794 10
677 901 12
1553 1512 4
1374 399 10
1153 1398 11
1251 1249 4
677 1567 10
1548 1511 8
776 568 4
972 1834 10
1838 1400 10
1546 874 6
546 762 7
116 1803 5
288 430 6
760 1752 11
1290 1148 11
562 1519 9
1655 1053 7
375 1772 21
1872 1704 11
1710 1768 9
1924 1069 7
771 876 4
1317 1672 9
152 790 4
1357 361 8
83 1054 8
487 1038 9
311 1248 10
923 1811 7
331 1659 4
366 94 8
920 1337 12
80 1347 6
34 1356 21
1377 406 11
1332 1052 8
1472 46 6
1666 1053 7
455 530 15
642 570 5
111 1119 12
815 1197 10
1848 461 5
718 109 9
779 1418 8
1860 1327 10
1239 1009 30
1470 1601 11
1756 1237 12
688 1149 11
1514 73 4
138 1383 6
1008 1287 4
740 944 12
1301 1761 4
347 229 7
2 1601 11
1693 1096 26
1693 1533 7
1703 965 18
137 63 7
1920 1256 10
607 366 20
1594 711 16
1652 199 7
1577 1383 8
1036 1653 9
1657 784 7
1433 1316 6
468 273 8
577 619 4
1218 1348 10
1210 1819 8
1836 756 6
792 1043 7
903 465 7
1645 1085 4
1333 1 9
1924 1630 11
1901 549 22
19 1076 8
1807 1561 6
387 189 6
1414 1122 9
1349 1742 11
432 1937 8
989 1880 11
1050 785 4
605 1470 10
1561 960 9
1285 703 11
866 187 10
1624 809 9
234 29 24
835 803 9
746 1532 6
764 1176 7
1264 926 11
1905 1362 6
926 165 10
1253 1045 8
1586 1100 5
1555 257 14
1795 1933 5
907 1025 16
399 266 27
1036 1610 8
466 631 11
552 1142 10
182 1243 6
202 1375 4
897 703 8
617 52 8
841 731 11
1170 1266 12
1812 304 6
27 404 7
426 770 7
1842 198 6
859 18 7
1796 90 6
1528 871 4
243 767 11
1123 1004 5
1543 1159 11
1237 1872 8
686 1704 10
886 258 9
202 1613 6
81 1416 7
1705 1101 7
650 42 6
597 1785 7
464 1785 28
1088 684 12
749 200 6
1687 591 11
774 937 11
1408 1105 11
1431 769 4
1639 264 8
1255 1935 10
1867 169 6
1118 575 10
758 1814 4
1830 1136 30
284 766 6
1322 1125 9
950 1147 11
251 696 11
74 1460 11
711 425 11
982 686 9
1662 832 8
1618 1779 9
1563 1165 4
1278 1 12
607 1281 15
1075 1637 7
182 245 4
505 1458 5
1497 1019 9
1164 574 11
1111 1600 5
45 1476 10
185 1772 7
846 716 7
1921 301 19
195 1332 5
1190 1005 7
977 1332 7
1365 305 16
834 1702 12
1401 1919 26
118 705 12
1591 1280 10
332 471 7
1080 652 8
118 1581 10
1528 245 4
1116 775 12
1573 541 4
210 1228 11
1025 1751 11
289 350 4
1264 292 11
1852 1285 9
560 36 9
736 434 5
1807 1166 30
408 1819 10
563 409 6
331 1138 5
511 928 6
68 613 9
903 1372 5
1662 189 7
1541 339 18
1864 368 12
127 299 12
961 911 8
1366 1828 4
1404 1597 9
540 1466 19
296 1535 6
526 1262 12
939 1083 6
493 1702 11
1575 1226 10
736 228 8
968 168 7
750 224 8
369 260 11
163 571 11
27 953 8
1297 1766 10
1222 1389 8
381 1309 5
1526 1283 19
538 1228 10
753 487 18
1403 1289 9
1275 848 6
28 988 9
272 715 11
1379 851 11
304 1490 4
1215 745 4
1086 950 12
1837 1474 8
853 1242 7
863 273 5
617 719 4
937 676 6
97 1626 8
1908 389 4
182 735 6
566 1937 11
1143 1398 10
131 898 12
288 342 12
1797 417 4
1464 1025 8
909 1734 9
908 1626 5
1420 1761 7
1817 1606 9
449 979 9
814 445 8
263 1225 12
1395 1734 27
806 1699 8
901 856 24
574 1595 6
272 1112 6
1143 31 6
4 407 11
205 229 7
1450 707 6
484 1528 5
1512 992 7
1560 1446 4
1428 1435 10
1627 469 7
669 320 6
77 688 12
1679 1629 11
562 1799 6
414 1447 4
1722 18 10
1936 619 5
1084 1612 6
1047 1689 8
1484 210 8
1769 828 10
1451 1069 8
147 1679 9
437 524 7
1003 1544 7
202 736 7
1439 359 5
564 439 10
1339 1637 7
693 177 9
623 898 26
1158 989 9
1164 425 10
429 907 22
1204 1785 11
1646 981 4
949 1802 8
1633 825 11
447 80 5
812 732 7
328 1803 8
598 612 5
16 1167 8
780 1515 7
749 689 7
239 268 4
131 1661 22
372 150 6
294 1047 5
200 707 4
1518 1507 9
1358 1073 6
1336 397 11
734 17 8
1482 906 15
939 776 6
1706 1908 7
292 671 11
32 36 6
669 1879 8
906 945 8
437 1812 6
1095 1576 9
81 765 11
1633 196 12
1548 1926 8
856 1005 10
341 1594 22
1507 900 8
1106 624 7
501 1225 10
1801 1792 6
592 1794 6
437 85 15
427 1317 12
1141 1240 7
1080 1733 5
29 576 10
54 1102 11
157 1404 8
1082 344 6
512 96 10
1333 621 6
1677 1196 15
1437 1486 8
1515 1282 12
321 1381 12
842 648 8
685 23 7
1022 31 26
1517 1425 10
677 1005 11
967 1027 9
358 932 8
832 1719 5
1568 1917 4
1659 44 7
364 122 21
28 148 10
1602 101 6
826 1342 9
1739 1 6
1247 844 5
1175 292 8
378 330 5
1195 46 9
234 1718 8
1074 1342 7
811 727 7
641 176 4
560 1028 7
1207 821 9
1874 831 6
1321 122 8
4 631 7
281 756 24
1729 1791 8
358 1040 21
579 734 12
1003 626 7
1815 1408 8
504 694 10
1267 1475 4
1761 271 5
1801 1942 4
1498 1507 10
905 81 9
1144 1697 15
1039 1435 8
1876 1489 7
1661 1480 11
1085 253 5
400 1117 8
133 608 9
1701 882 24
1410 1925 6
410 1670 9
167 4 9
1339 1421 5
772 1560 5
984 363 12
406 423 10
379 733 9
475 1248 10
226 1087 27
322 1801 6
1541 1293 5
11 1646 8
238 420 24
1594 1823 6
491 1917 6
60 257 11
3 255 10
99 992 7
1600 1767 20
238 584 6
227 1740 7
954 1116 24
952 986 11
816 1805 28
657 11 8
682 1579 7
1119 405 6
901 1240 12
1175 1649 9
786 278 6
1258 1828 8
348 613 6
924 1844 7
1930 586 11
377 1330 11
1160 1468 7
1366 17 5
1070 262 5
632 1685 15
1534 385 12
1589 688 8
346 950 9
634 851 11
942 1421 7
542 1297 9
1701 1437 21
732 67 7
569 1248 7
378 1586 4
1580 380 4
476 1040 7
1398 1786 9
283 300 8
1688 1821 4
1672 377 8
302 1196 6
239 1388 6
28 391 12
470 711 11
1217 1632 11
617 109 8
1421 1637 5
1317 1132 7
1133 827 16
1508 548 11
1000 1776 7
1622 1720 6
837 191 14
1903 1929 6
1026 1490 4
1795 1434 7
1827 201 8
1756 1264 9
1889 1536 12
748 351 7
984 377 30
1765 1907 22
1837 1902 10
1220 1498 9
1134 594 10
780 710 26
274 232 12
1674 958 12
294 145 4
1176 486 7
236 345 10
1478 1630 10
220 456 26
1457 1268 7
575 906 11
1647 1103 7
1597 742 10
1789 476 9
683 1571 7
150 675 7
494 481 4
1751 1919 9
917 59 5
835 960 11
1774 1586 7
669 424 4
277 1005 11
82 1156 11
620 245 8
558 1874 6
1426 1457 18
846 785 7
633 230 12
55 904 11
387 1615 6
34 1625 12
1178 477 6
1710 441 11
70 1856 10
1913 1600 6
1533 1771 10
1026 1146 4
1665 979 11
1038 623 10
1189 1042 11
1344 716 8
1574 324 7
1129 1434 5
1754 1028 11
1009 950 7
1030 125 6
526 1798 10
1429 1819 11
1917 1652 7
1309 1137 8
286 1226 11
1120 1087 6
1008 244 5
1477 1901 10
1333 1538 7
789 810 8
753 786 11
1819 1605 11
445 1879 8
738 1072 10
1192 1939 10
1870 40 6
499 629 9
710 1459 10
1033 1556 8
1613 433 19
1239 220 18
577 1521 18
1170 1321 30
836 1480 15
738 1784 11
877 10 8
455 728 15
1260 1048 9
640 190 9
767 798 11
548 1254 30
1756 1183 30
1689 921 4
503 359 7
103 11 5
1533 998 12
1453 1566 11
58 1292 11
1071 1930 6
1744 1731 5
1338 827 10
540 1300 8
627 1598 9
389 1719 7
45 413 7
1303 862 9
337 1829 8
111 122 7
1486 1488 11
719 540 15
1812 316 15
842 1056 11
1800 644 8
414 417 4
1599 1846 15
1609 545 12
1214 715 8
1122 1778 10
835 222 11
1657 1111 6
381 1475 5
980 762 11
1894 521 12
652 1446 5
1089 386 7
1823 531 10
426 128 6
640 628 26
860 315 5
241 1897 11
1039 422 10
1810 667 4
4 93 10
1677 1557 6
1170 1856 11
172 1150 7
1813 1716 21
249 788 10
27 861 7
1542 1363 11
250 315 13
1198 693 9
411 1015 30
1046 1716 8
401 810 7
1406 1086 6
1653 1393 10
1120 1943 11
1626 878 5
351 1331 5
373 1692 9
823 398 9
1195 1701 12
110 342 12
627 143 9
1617 721 6
1370 1421 4
895 368 12
662 281 9
1138 1441 5
1095 733 7
1473 847 6
1445 1374 6
174 219 6
910 1182 10
1373 1302 8
787 600 12
1783 452 12
1653 221 6
1256 813 10
1698 1752 14
276 56 7
967 1905 7
1182 1193 24
1397 78 7
1351 1577 5
1227 890 18
129 1545 8
851 1836 19
474 413 10
957 424 14
1391 826 8
916 915 12
446 436 11
1223 1939 11
1747 1286 12
642 343 8
1756 1558 11
1643 939 8
1075 1370 5
1713 1580 6
23 844 8
1279 734 8
1000 1123 4
1268 1584 12
598 1020 20
1736 732 6
1399 59 7
1554 963 6
183 582 4
310 1940 7
25 1204 26
669 1636 8
1121 959 6
1173 279 6
1938 707 19
367 82 12
1730 133 9
1597 287 7
1807 595 11
1750 1650 7
617 1077 8
1076 1835 11
112 1835 10
666 1778 21
1331 497 8
217 1514 8
1838 1784 7
1506 976 10
1632 422 8
1682 697 6
1457 207 26
1634 457 10
12 216 8
322 1745 6
646 109 7
1580 804 5
987 1746 28
1898 1394 7
905 1428 11
86 478 11
979 1905 9
1798 1784 11
1469 1788 6
1423 298 6
1124 988 6
794 914 9
553 1078 17
1502 24 26
1885 156 11
1732 410 10
1129 145 5
1308 911 16
846 1201 8
100 271 7
1827 1840 24
313 1782 4
1136 1213 9
302 1025 11
1642 208 6
1831 1437 7
580 621 6
855 95 26
237 822 8
779 730 7
177 420 6
998 1291 12
1830 792 6
127 1875 6
1234 466 6
1428 1482 9
478 1036 10
220 910 9
786 1303 19
577 1936 5
786 854 12
1483 975 10
307 995 12
155 1030 8
297 547 9
764 33 9
1581 1610 12
554 293 4
1931 112 8
54 1043 12
1259 625 8
350 17 4
1529 1699 7
772 216 15
561 1931 8
804 1706 6
1606 1001 11
1640 123 7
34 1480 8
724 1617 9
641 732 4
128 1581 12
1786 1593 9
558 1879 8
453 844 7
1175 1236 7
1613 551 6
1755 685 8
899 293 7
592 310 6
1609 658 10
279 1918 10
1683 1550 11
712 1342 12
1007 72 7
1258 1738 6
342 305 12
669 179 8
1137 1121 10
1053 1161 26
209 1167 4
1382 1771 11
752 1718 15
1214 1617 6
1027 1204 6
893 1806 5
821 980 8
548 1921 11
1715 771 7
1738 355 7
670 1025 10
137 1049 6
1766 1607 8
60 1481 28
834 1324 6
1483 1005 7
1688 970 4
87 395 9
1041 672 8
1604 999 5
1712 1800 10
834 1291 10
251 679 10
1262 1109 6
1490 1731 4
1329 258 11
1863 314 27
1654 1056 12
311 326 9
1221 1471 19
422 721 9
409 1042 8
562 1001 15
507 577 4
1530 1927 8
1385 730 12
986 1362 6
1941 1299 9
724 887 7
836 854 7
828 602 9
1258 17 7
2 173 6
900 1371 11
468 334 7
299 1816 6
677 555 9
1369 56 11
95 1384 10
805 1676 5
507 1295 15
1709 486 8
1771 1324 10
1254 467 15
1718 317 8
440 27 4
12 250 20
787 1716 11
1062 1176 12
573 125 6
1604 1731 5
719 90 4
718 436 7
137 1780 15
1585 1829 12
816 1101 7
774 827 8
933 488 5
1697 1072 9
713 1650 11
366 1806 5
64 495 12
1566 1011 11
754 1066 9
1850 1596 10
758 1017 6
67 1552 5
553 116 6
1075 1689 18
1407 1676 5
409 775 10
628 1538 6
93 1911 9
1623 394 6
1786 1790 15
1679 564 9
186 1018 6
180 497 5
1928 1442 5
1815 1244 11
1258 1821 5
670 149 24
1230 356 30
1273 184 6
760 552 9
1866 1255 9
491 1189 15
41 54 8
421 1682 12
805 1810 15
1393 485 27
636 1165 5
598 93 15
527 1284 10
407 1692 6
253 1353 6
1187 576 11
1222 158 13
974 306 6
1349 1720 9
1057 262 7
1323 1123 5
1136 914 7
844 1439 10
142 1922 7
1655 1236 11
1642 1137 7
1558 1053 24
664 232 7
1419 158 20
1112 616 9
1231 1531 6
1702 998 6
1209 467 11
419 162 10
1103 1024 4
1259 722 8
1311 1892 4
1037 359 5
1365 1265 11
1775 1794 5
475 362 6
1658 1143 12
691 208 7
884 825 10
437 627 15
1765 976 6
1369 1839 12
1824 435 19
1356 1691 8
1172 1085 6
1378 730 6
1076 1360 7
512 695 11
885 37 11
1743 295 11
121 1203 10
729 1510 4
1616 1241 4
1381 576 7
1556 458 8
1563 404 8
19 1931 11
289 17 4
1392 1193 7
1304 114 7
238 1276 10
1472 1437 11
1893 1625 7
1841 1149 11
1110 1289 11
1209 1686 6
1791 572 7
1452 888 12
1616 585 6
597 398 8
1901 292 10
781 933 7
1380 564 7
1613 491 7
1832 1260 6
150 784 8
1805 1040 10
1619 1086 9
653 1766 21
139 1850 8
670 1677 9
789 908 6
890 972 7
550 1011 7
105 550 6
1172 253 7
63 1691 15
697 326 7
1011 1204 9
510 637 7
1017 1052 8
90 244 8
1177 712 11
1832 671 11
1020 1914 8
776 668 6
643 547 28
817 636 5
957 472 8
1555 1771 6
1613 512 15
114 1030 6
781 819 4
1640 1318 8
913 1806 5
647 1221 8
1108 884 11
448 1772 11
140 1285 7
1314 59 8
520 1611 18
925 1868 7
302 1518 12
930 1107 26
193 660 6
1431 1405 6
307 1559 10
669 1189 8
70 1056 11
493 1481 9
549 1236 14
1110 978 12
16 166 8
1272 1035 12
1140 1766 9
529 1130 15
560 77 6
482 1458 4
1705 731 7
752 944 7
806 1621 8
254 1359 24
782 359 4
239 725 5
449 1376 6
371 1270 14
1464 1751 10
159 1338 10
1388 727 8
1042 695 9
719 992 7
1590 360 4
311 1034 7
1067 1138 6
786 1601 12
498 808 4
1563 636 7
179 1627 9
968 1374 9
859 765 10
296 1092 11
859 422 7
1438 359 5
823 1785 9
747 1197 11
233 807 15
1681 943 6
1900 1411 11
1842 1434 4
1471 207 11
1126 1114 11
932 1773 8
1444 802 7
1608 30 10
475 1448 11
1648 23 5
1900 542 10
388 496 4
1033 1447 5
1742 1726 9
53 469 11
303 334 6
284 1516 10
1337 545 11
1833 859 12
1065 32 12
635 1794 7
473 465 7
377 1672 8
1190 537 12
798 88 11
632 137 6
1070 1165 5
1436 1178 11
448 77 6
633 204 6
452 1576 6
754 676 6
1166 738 6
266 1285 12
669 980 8
1200 1206 7
570 977 4
129 1105 9
751 897 12
236 1042 9
1859 1857 11
1824 73 6
1144 781 4
618 20 9
754 469 7
211 1913 8
743 594 9
719 1021 8
340 1742 7
450 869 11
1305 1248 7
1329 643 9
84 966 7
1194 323 6
658 1043 11
1735 1761 4
492 1107 11
1867 1347 7
609 314 9
1139 1535 6
1217 1887 9
276 936 10
391 515 24
705 395 21
1415 825 16
1361 203 7
202 96 15
513 1736 16
1758 1230 11
634 1569 6
102 887 11
1818 714 8
63 864 4
1020 359 5
947 192 12
679 1160 9
433 434 7
1858 1028 7
297 709 11
1435 422 11
704 179 8
676 1564 12
1682 1472 8
1465 925 10
1273 824 11
1485 331 4
154 621 9
383 1891 12
428 1936 6
859 1887 12
1651 1102 8
1120 1101 7
1796 1473 6
530 1220 10
367 760 30
263 914 10
479 910 12
107 752 30
1368 1347 5
1343 1073 26
441 535 10
1496 445 7
242 1742 8
1155 355 5
1619 194 10
530 1139 11
106 1566 10
822 1790 11
1280 1694 8
1238 1914 7
1892 512 8
1191 71 12
153 416 7
1352 964 26
1879 1791 9
1811 1417 6
697 362 6
1696 1159 15
281 1330 7
1774 264 5
172 1734 24
178 1126 8
876 360 7
1055 802 14
277 978 10
1899 528 18
912 886 6
1873 526 10
1525 1319 6
1210 521 7
1202 811 4
1613 199 6
1055 476 8
45 403 6
646 718 12
160 568 7
832 1727 8
1290 21 9
805 167 8
912 36 12
510 941 8
1647 1024 17
1008 1787 6
1810 832 5
778 32 11
64 1099 9
1224 332 9
630 1723 12
1793 963 10
502 257 11
1426 1221 11
895 1542 10
783 775 8
1416 1364 8
1431 1637 8
1298 502 8
1592 555 6
1935 1858 12
65 299 11
1527 369 24
1423 152 8
1399 681 4
1174 1575 12
607 993 7
794 694 11
1330 1467 9
319 732 10
1523 784 5
323 189 4
1555 1382 8
104 1132 9
383 1751 12
1909 51 18
408 1254 9
198 1431 8
912 258 8
1582 970 7
606 1329 30
406 345 24
1624 631 7
554 784 4
55 644 16
522 892 7
707 831 7
124 1122 7
947 1219 7
537 37 9
230 393 11
814 374 4
27 1626 8
1842 1927 5
261 580 7
918 1388 13
487 527 26
766 1539 11
1439 1942 6
1051 1825 8
1239 739 6
436 109 10
1743 1299 11
1513 379 8
180 92 4
1211 1614 18
1709 662 10
1074 71 9
95 413 6
695 1116 6
705 15 8
1719 845 8
719 244 14
309 1543 10
493 1073 6
8 380 6
197 486 11
1062 840 26
632 294 5
1063 680 14
428 1791 15
923 569 15
196 1716 9
69 948 10
1306 1145 5
566 1310 16
1429 439 7
1415 1130 11
997 1327 7
1791 216 10
1732 1406 11
1117 1040 11
1478 24 12
1121 366 19
632 1795 20
1522 913 8
1453 588 6
57 512 15
609 1605 11
1385 822 10
741 1778 7
1646 592 8
608 204 6
803 991 7
1313 1814 6
534 1158 18
818 441 6
1238 1844 4
429 1059 12
1691 396 11
1152 1286 26
103 553 4
1744 878 4
479 249 10
653 1265 8
268 1252 8
1870 1572 14
1647 749 6
378 1708 4
1296 144 10
1358 1343 10
97 1165 7
322 1010 19
1825 850 8
9 1770 11
320 445 8
1789 830 30
1617 18 7
847 626 8
795 176 5
1698 1425 6
1667 425 12
371 1418 16
464 823 10
1902 172 9
1339 1075 7
344 685 4
1268 203 12
473 903 7
1169 1310 12
1489 539 8
1648 1045 8
1669 1290 30
632 615 4
1647 727 7
163 1341 9
1845 1256 10
818 1488 14
681 1922 4
1520 992 8
860 1202 4
1684 785 6
922 838 10
647 1296 6
101 1579 5
359 1942 5
1111 360 6
319 1761 5
706 171 7
1785 1269 10
197 432 12
520 977 4
801 102 15
1303 623 7
1060 255 7
1913 585 6
251 631 10
1094 1430 8
52 84 8
1223 1403 12
720 1246 6
477 471 12
1484 295 14
254 467 8
138 1521 8
1497 1152 24
20 744 11
500 1623 11
1455 225 8
1631 1940 8
551 434 7
423 1430 11
962 975 6
684 1298 21
1540 1608 18
229 964 9
1171 455 6
1607 1411 11
496 971 6
1128 125 4
1598 1130 11
1069 1436 8
918 1302 6
84 1006 8
1871 1930 26
712 1077 11
6 1596 6
1641 1743 30
603 1035 8
1079 849 6
1831 441 11
774 1135 11
352 88 9
1384 295 7
1700 1726 26
1548 1681 8
118 1131 11
172 1395 10
1420 732 7
510 273 8
1220 1896 11
990 176 6
1138 1422 6
1243 92 8
1227 815 6
307 1011 11
489 825 10
48 498 4
573 1504 8
1878 212 10
1602 1052 6
173 1601 7
1621 1699 6
896 1331 7
908 1731 7
1100 264 4
301 521 9
807 76 8
654 1337 9
873 401 8
1398 572 24
1381 190 12
367 1223 9
1724 1620 6
1091 745 8
497 1432 8
1690 148 12
1493 1021 5
59 481 5
68 1413 7
1609 1031 22
482 1033 8
1294 1523 8
159 469 10
190 50 6
613 1401 10
1476 988 27
540 1021 7
814 1102 8
680 1719 20
1367 1013 10
620 582 7
1145 1441 5
1795 769 8
689 1316 6
708 177 14
1171 435 20
692 1348 9
1460 53 10
111 393 6
1516 574 26
371 181 6
1560 996 4
443 1814 4
427 1937 6
928 31 6
919 465 8
632 135 15
322 4 15
1512 298 8
1768 1437 10
1879 1270 11
1533 1886 7
986 565 19
1890 1823 10
551 1814 4
915 862 12
1753 930 7
1158 1094 26
499 600 7
1664 1404 15
1908 1615 6
1899 787 11
1665 464 9
1438 924 6
1789 400 12
987 396 11
147 720 26
1499 1823 10
196 1598 8
506 222 14
247 1078 5
1817 1481 9
953 636 7
1621 1849 4
185 1589 12
1887 1435 12
604 59 7
444 868 9
1325 91 7
1490 1604 5
38 1523 8
1512 259 8
1095 827 8
1649 1048 7
250 1388 6
1501 582 6
1729 239 5
1019 365 7
308 1331 18
1515 930 7
526 1334 6
372 1241 6
1220 1891 9
1744 636 4
1128 447 12
549 1264 8
1733 1323 4
703 1890 8
225 1942 4
997 1315 4
1145 1104 4
63 1290 15
553 663 8
531 1516 11
340 71 9
622 891 7
338 36 10
882 1034 10
1339 1434 4
1673 1346 10
870 1854 7
1192 975 24
198 145 6
1386 1152 11
974 1910 10
632 275 7
595 1546 19
1665 1905 11
1831 1694 11
457 818 22
151 1912 4
596 619 7
1250 1094 11
1452 1229 11
373 891 11
148 1228 12
281 1062 10
712 1742 12
1892 324 5
1811 702 15
1132 1672 10
1561 1784 7
660 572 11
1802 556 9
1574 1940 7
1381 1538 7
1224 1630 10
1748 70 12
228 850 6
1026 1436 15
1575 1741 11
1477 982 9
1243 1432 7
179 379 11
461 870 6
116 1794 7
1199 1416 9
437 66 15
6 1924 8
989 130 6
772 1534 4
1915 1507 21
371 1790 11
273 1104 5
1121 1475 6
741 124 12
1602 1579 5
628 261 10
1283 1150 7
1821 73 5
1554 1566 16
1489 1494 7
1341 1054 11
559 883 10
1295 693 11
1690 1208 7
518 304 7
1010 453 4
523 1166 9
391 1299 12
573 746 7
1461 229 8
185 1149 6
1925 970 4
97 878 8
852 680 5
376 1927 8
759 1653 6
777 326 9
88 1743 8
1231 1087 24
607 329 5
65 386 10
571 1198 9
87 118 6
1210 392 7
364 133 12
349 1077 7
1479 1057 4
1018 325 9
1514 248 7
207 1361 10
1852 1539 9
374 1938 15
639 524 4
12 794 8
593 1342 10
1352 205 12
1866 36 7
740 1333 19
1361 1630 8
282 460 4
808 735 5
1313 642 19
457 1448 12
1082 844 7
1924 1596 11
48 808 7
951 362 26
1189 1360 8
1144 346 15
1885 42 6
724 1887 7
1499 1595 12
1895 760 15
1337 586 9
125 327 4
787 1678 6
457 535 6
541 73 5
503 1045 8
1522 1137 8
1544 298 6
12 1938 4
1663 1763 9
883 410 11
390 857 12
1471 1502 7
1729 153 6
103 1599 4
113 1123 6
528 1845 7
1547 1030 4
1023 685 4
621 944 12
302 1507 7
495 107 11
700 302 9
1505 335 10
901 1289 21
1136 263 6
211 1725 6
871 1041 7
1703 1730 30
1773 1002 10
129 1877 7
755 875 7
1355 486 11
1406 410 12
153 689 7
188 69 8
1799 1519 8
1938 315 7
1157 820 11
864 1637 18
164 287 7
100 990 8
740 576 12
1314 1458 5
559 837 22
65 472 9
691 264 7
1697 1400 11
409 232 12
817 1165 5
1453 963 11
921 134 7
1280 368 7
1633 1716 7
83 1408 11
54 761 6
209 1454 8
1527 1790 8
507 1776 4
1653 1197 7
1469 1069 9
1788 255 11
1557 1891 10
1143 1378 11
919 934 5
1791 1270 11
