1739 4556 30
447 1614 370 1250 1232 1531 36 1366 275 1126 1496 1022 1485 171 1035 1381 425 1316 484 1271 1086 1111 1368 877 648 1385 1570 230 777 109 
1 1 1 1 1 1 1 1 1 2 1 1 1 1 1 1 1 1 1 1 1 1 1 1 1 1 1 1 1 1 1 1 1 1 1 1 1 1 1 1 1 1 1 1 1 1 1 1 1 2 1 1 1 1 1 1 1 1 1 1 1 1 1 2 1 1 1 1 1 1 1 1 1 1 1 1 1 1 1 1 1 1 1 1 1 1 1 1 1 1 1 1 1 1 1 1 1 1 1 1 1 1 1 1 1 1 1 1 1 1 1 1 1 1 1 1 1 1 1 1 1 3 1 1 1 1 1 1 1 1.5 1 1 1 1 1 1 1 1 1 1 1 1 1 1 1 1 1 1 1 1 1 1 1 1 1 1 1 1 2 1 1 1 1 1 1 1 1 1 1 1 1 1 1 1 1 1 1 1 1 1 1 1 1 1 1 1 1 1 1 1 1 1 1 1 1 1.5 1 1 1 1 1 1 1 1 1 1 1 1 1 1 1 1 1 1 1 1 1 1 1 1 1 1 1 1 1 1 1 1 1 1 1 1 1 1 1 1 1 1 1 1 1 1 1 1 1 1 1 1 1 1 1 1 1 1 1 1 1.5 1 1 1 1 1 1 1 1 1 1 1 1 1 1 1 1 1 1 1 1 2 1 1 1 1 2 1 1 1 1 1 1 1 1 1 1 1 1 1 1 1 1 1 1 1 1 1 1 1 1 1 1 1 1 1 1 1 1 1 1 1 1 1 1 1 1 1 1 1 1 1 1 1 1 1 1 1 1 1 1 1 1 1 1 1 1 1 1 1 1 1 1 1 1 1 1 1 1 1 1 1 1 1 1 1 1 1 1 1 1 1 1 1 1 1 1 1 1 1 1 1 1 1 1 1 1 1 1 1 1 1 1 1 1 1 1 1 1 1 1 1 1 1 1 1 1 1 1 1 1 1 1 1 1 1 1 1 1 1 1 1 1 1 1 1 1 1 1 1 1 1 1 1 1 1 1 1 1 1 1 1 1 1 1 1 1 1 1 1 1 1 1 1 1 1 1 1 1 1 1 1 1 1 1 1 1 1 1 1 1 1 1 1 1 1 1 1 1 1 1 1 1 1 1 1 1 1 1 1 1 1 1 1 1 1 1 1 1 1 1 1 1 1 1 1 1 1 1 1 1 1 1 1 1 1 1 1 1 1 1 1 1 1 1 1 1 1 1 1 1 1 1 1 1 1 1 1 1 1 1 1 1 1 1 1 1 2 1 1 1 1 1 1 1 1 1 1 1 1 1 1 1 1 1 1 1 1 1 1 1 1 1 1 1 1 1 1 1 1 1 1 1 1 1 1 1 1 1 1 1 1 1 1 1 1 1 1 1 1 1 1 1 1 1 1 1 1 1 1 1 1 1 1 1 1 1 1 1 1 1 2 1 1 1 1 1 1 1 1 1 1 1 1 1 1 1 1 1 1 1 1 1 1 1 1 1 1 1 1 1 1 1 1 1 1 1 1 1 1 1 1 1 1 1 1 1 1 1 1 1 1 1 1 1 1 1 1 1 1 1 1 1 3 1 1 1 1 1 1 1 1 1 1 1 1 1 1 1 1 2 1 1 1 1 1 1 1 1 1 1 1 1 1 1 1 1 1 1 1 1 1 1 1 1 1 1 1 1 1 1 1 1 1 1 1 1 1 1 1 1 1 1 1 1 1 1 1 1 1 1 1 1 1 1.5 1 1 1 1 1 1 1 1 1 1 1 1 1 1 1 1 1 1 1 1 1 1 1 1 1 1 1 1 1 1 1 1 1 1 1 1 1 1 3 1 1 1 1 1 1 1 1 1 1 1 1 1 1 1 1 1 1 1 1 1 1 1 1 1 1 1 1 1 1 1 1 1 1 1 1 1 1 1 1 1 1 1 1 1 1 1 1 1 1 1 1 1 1 1 1 1 1 1 1 1 1 1 1 1 1 1 1 1 1 1 1 1 1 1 1 1 1 1 1 1 1 1 1 1 1 1 1 1 1 1 1 1 1 1 1 1 1 1 1 1 1 1 1 1 1 1 1 1.5 1 1 1 1 1 1 1 1 1 1 1 1 1 1 1 1 1 1 1 1 1 1 1 1 1 1 1 1 1 1 1 1 1 1 1 1 1 1 1 1 1 1 1 1 1 1 1 1 1 1 1 1 1 1 1 1 1 1 1 1 1 1 1 1 1 1 1 1 1 1 2 1 1 1 1 1 1 1 1 1 2 1 1 1 1.5 1 1 1 1 1 1 1 1 1 1 1 1 1 1 1 1 1 1 1 1 1 1 1 1 1 1 1 1 1 1 1 1 1 1 1 1 1 1 1 1 1 1 1 1 1 1 1 1 1 1 1 1 1 1 1 1 1 1 1 1 1 1 1 1 1 1 1 2.5 1 1 1 1 1 1 1 1 1 1 1 1 1 1 1 1 1 1 1 1 1 1 1 1 1 1 1 1 1 1 1 1 1 1 1 1 1 1 1 1 1 1 1 1 1 1 1 1 1 1 1 1 1 1 1 1 1 1 1 1 1 1 2 1 1 1 1.5 1 1 1 1 1 1 1 2.5 1 1 1 1 1 1 1 1 1 1 1 1 1 1 1 1 1 1 1 2.5 1 1 1 1 1 1 1 1 1 1 1 1 1 1 1 1 1 1 1 1 1 1 1 1 1 1 1 1 1 1 1 1 1 1 1 1 1 1 1 1 1 1 1 1 1 1 1 1 1 1 1 1 1 1 1 1 1 1 1 1 1 1 1 1 1 1 1 1 1 1 1 1 2.5 1 1 1 1 1 1 1 1 1 1 1 1 1 1 1 1 1 1 1 1 1 1 1 1 1 1 1 1 1 1 1 1 1 1 1 1 1 1 1 1 1 1 1 1 1 1 1 3 1 1 1 1 1 1 1 1 1 1 1 1 1 1 1 1 1 1 1 1 1 1 1 1 1 1 1 1 1 1 1 1 1 1 1 1 1 1 1 1 1 1 1 1 1 1 1 1 1 1 1 1 1 1 1 1 1 1 1 1 1 1 1 1 1 1 1 1 1 1 1 1 1 1 1 1 1 1 1 1 1 1 1 1 1 1 1 1 1 1 1 1 1 1 1 1 1 1 1 1 1 1 1 1 1 1 1 1 1 1 1 1 1 1 1 1 1 1 1 1 1 1 1 1 1 1 1 1 1 1 1 1 1 1 1 1 1 1 1 1 1 1 1 1.5 1 1 1 1 1 1 1 1 1 1 1 1 1 1 1 1 1 1 3 2 1 1 1 1 1 1 1 1 1 1 1 1 1 1 1 1 1 1 1 1 1 1 1 1 1 1 1 1 1 1 1 1 1 1 1 1 1 1 1 1 1 1 1 1 1 1 1 1 1 1 1 1 1 1 1 1 1 1 1 1 1 1 1 1 1 1 1 1 1 1 1 1 1 1 1 1 1 1 1 1 1 1 1 1 1 1 1 1 1 1 1 1 1 1 1 1 1 1 1 1 1 1 1 1 2 1 1 1 1 1 1 1 1 1 1 1 1 1 1 1 1 1 1 1 1 1 1 1 1 1 1 1 1 1 1 1 1 1 1 1 1 1 1 1 1 1 1 1 1 1 1 1 1 1 1 1 1 1 1 1 1 1 1 1 1 1 1 1 1 1 1 1 1 1 1 1 1 1 1 1 1 1 1 1 1 1 1 1 1.5 1 1 1 1 1 1 1 1 1 1 1 1 1 1 1 1 1 1 1 1 1 1 1 1 1 1 1 1 1 1 1 1 1 1 1 1 1 1 1 1 1 1 1 1 1 1 1 1 1 1 1 1 1 1 2 1 1 1 1 1 1 1 1 1 1 1 1 1 1 1 1 1 1 1 1 1 1 1 1 1 1 1 1 1 1 1 1 1 1 1 1 1 1 1 1 1 1 1 1 1 1 1 1 1 1 1 1 1.5 1 1 1 1 1 1 1 1 1 1 
1253 839 5
1555 1201 6
1646 1356 11
146 748 6
1261 524 11
105 1238 11
916 283 5
1490 1624 9
791 1051 5
1194 1678 7
575 158 9
304 1618 6
1099 1439 9
1561 563 4
1354 1414 11
478 1588 11
1649 1270 24
57 1388 9
580 878 11
765 85 6
1343 630 6
889 1048 8
1040 1380 4
58 443 7
1338 1527 5
1158 251 9
109 640 12
1699 1356 7
398 807 19
1517 783 8
1214 1329 18
1061 921 8
116 1662 4
1074 1231 20
682 1660 8
1091 1066 8
1608 334 8
1584 1309 11
851 248 11
1040 1707 7
397 722 6
1048 236 7
1718 1452 6
1418 1516 9
444 1118 29
862 717 6
1055 1516 6
375 1395 6
1133 704 10
281 439 7
293 36 26
252 1719 15
400 370 26
492 634 11
1118 1523 10
454 1018 9
1601 1493 4
466 546 7
1100 165 11
90 1234 11
840 690 6
729 1151 20
259 1243 8
731 1211 7
1647 794 7
1370 1447 9
1064 642 7
390 771 7
1457 752 11
1087 1130 12
298 1602 8
284 1711 9
1395 1252 6
749 633 6
266 1238 9
554 1599 4
503 944 7
583 348 8
1402 1569 8
646 852 6
254 1222 11
1575 430 8
1360 1221 20
459 1067 6
1528 567 6
123 1019 5
956 38 7
46 435 5
401 1294 11
443 544 8
702 976 6
935 342 4
459 1527 7
1062 881 17
1606 1420 6
1162 637 4
1381 266 9
35 21 11
1733 1679 5
163 938 8
965 1617 5
703 432 5
1378 1116 4
1634 755 6
543 1007 6
1123 1002 11
1260 10 4
422 1112 7
27 656 8
250 991 12
1083 1551 4
1730 1341 8
1692 532 6
1540 916 4
82 64 8
947 86 6
522 1341 9
858 1591 8
106 395 9
973 1626 12
1337 234 9
1357 682 7
799 676 7
1698 704 9
1294 474 12
259 602 6
907 1504 4
398 1155 12
564 1556 12
460 238 6
425 559 9
480 1666 8
1606 130 4
806 92 15
37 1250 26
1334 1567 8
508 377 4
1142 1681 11
1038 184 10
1050 48 7
1258 634 24
1726 1315 7
852 42 12
1018 1619 24
628 459 4
295 1678 12
328 139 6
510 884 6
674 664 9
695 1475 4
479 1441 4
1408 1457 8
1496 157 9
467 827 7
1529 892 17
823 168 8
1144 961 7
1611 1136 7
1473 1226 12
920 337 10
1058 633 6
4 22 12
1416 397 6
780 91 6
648 419 8
418 304 6
1140 1143 9
1137 1222 8
1389 995 7
293 891 6
1104 455 8
94 1143 9
1522 727 7
1634 637 4
1604 1668 9
1212 1304 8
204 85 5
1257 1162 5
1359 234 10
1486 6 6
1386 568 4
1056 1002 10
398 355 8
1188 530 7
1137 639 7
1394 1042 15
1530 239 6
543 1498 7
1455 558 10
1509 1351 8
1288 871 8
159 531 7
1067 547 6
1151 902 7
1122 508 7
187 1467 4
809 431 9
1421 1164 17
1212 438 7
659 197 4
1637 658 6
136 774 6
1050 804 11
314 757 8
789 1297 9
767 730 6
247 281 10
392 699 7
1524 990 7
187 482 12
474 1218 8
599 815 6
1437 814 11
1381 1009 8
1473 536 12
1643 132 7
1119 1543 6
154 992 8
542 773 10
1371 1337 7
853 769 11
1367 1221 12
660 47 16
1333 32 7
777 942 12
1206 1658 17
1272 1417 10
1677 633 6
177 236 8
274 1513 7
326 1558 8
81 1210 6
1612 581 11
636 1412 7
1691 305 6
393 1716 6
1500 253 7
618 485 4
530 931 5
1040 69 8
41 1520 8
685 544 5
1284 334 8
276 1675 11
248 269 11
1329 1539 4
417 697 5
1394 1351 4
912 1494 12
908 831 7
449 200 11
1080 1521 12
1474 1521 9
1025 719 4
508 925 5
845 243 9
911 664 9
1193 1198 9
854 1155 8
1384 838 15
1076 676 8
450 638 9
66 565 8
921 632 20
1552 1409 6
161 1477 12
924 641 9
49 1688 10
873 876 4
1247 395 9
786 1218 8
942 1307 10
1123 686 9
1538 610 29
1705 597 5
101 1168 6
774 367 4
1659 220 6
438 818 7
1061 590 4
1619 285 7
1111 1600 9
1349 338 6
456 313 5
843 93 5
632 687 7
252 707 6
543 439 12
734 1255 11
1305 1577 9
873 1719 8
963 516 28
1512 1630 6
1525 1519 9
46 1499 5
487 1412 4
1212 1040 5
372 199 8
448 820 10
1381 573 15
1703 212 5
656 166 28
61 441 8
1226 536 7
447 732 12
143 892 8
4 1317 8
219 644 28
561 1310 11
939 402 8
1490 1451 8
676 333 11
347 813 8
19 762 26
1562 598 9
1430 1 6
120 1322 7
300 1047 7
1116 341 4
1318 1372 9
213 966 8
497 476 6
1369 19 8
1582 566 4
1482 210 11
990 1467 4
1365 773 7
941 531 6
973 1663 7
1093 383 9
882 1319 7
1172 294 7
535 1703 7
1338 1020 4
1230 962 11
871 1560 26
470 379 12
660 1037 12
1389 1173 6
1331 1301 7
494 938 9
328 29 4
1283 649 12
452 1434 7
721 1108 11
1086 1321 15
506 758 6
999 599 6
1083 1253 7
250 561 7
548 1082 6
359 346 9
935 1278 5
63 1716 6
425 90 8
46 1537 6
133 1124 11
1534 1677 6
219 1234 11
537 1640 7
315 74 7
1568 452 10
546 1509 6
1519 924 6
95 12 7
276 1143 9
258 1023 8
259 646 11
1404 1597 8
1173 77 6
1017 74 15
1126 150 8
610 817 9
462 432 6
802 108 12
614 231 10
429 1108 7
1737 604 10
1550 979 8
29 1278 6
530 132 5
1666 867 26
929 1315 5
1290 597 7
322 1020 4
1707 1361 4
1425 1577 8
1575 1584 12
1189 1400 8
804 698 6
1262 495 12
676 1501 20
448 1000 8
1722 351 19
450 474 11
1639 239 8
365 778 8
1126 614 15
1653 455 5
968 544 8
1514 1214 4
1392 1580 8
1488 1041 6
813 13 8
324 1561 4
1089 18 12
225 1403 9
1653 1673 4
467 1604 12
1202 1695 9
954 639 8
252 95 15
1228 376 8
142 960 9
1488 974 16
1708 1172 24
500 533 7
1237 1387 8
855 332 12
358 616 26
1239 191 10
785 238 10
887 127 9
847 863 10
1022 1435 8
1458 1052 10
1630 1713 11
218 165 6
700 1626 7
1558 1133 11
1227 520 10
1285 289 6
171 18 8
876 443 5
653 295 11
510 366 7
194 1718 10
621 788 7
101 132 5
659 591 5
1524 1735 6
514 1355 13
694 66 11
1232 1670 8
569 1675 6
1114 1123 7
1032 1440 6
411 1071 12
1137 48 12
684 1496 26
157 1568 9
435 505 7
932 1024 12
721 608 9
1028 1523 11
606 909 26
1603 1479 7
16 107 10
633 273 6
1504 697 5
505 1566 8
1286 79 9
1531 1398 11
472 722 4
883 1129 8
1189 1214 4
1615 1695 8
784 1257 4
799 1479 12
657 913 5
1152 507 7
588 1552 11
102 767 6
200 1577 7
845 1241 12
370 147 15
330 774 8
540 583 7
1538 237 6
89 1715 5
313 1324 8
1121 1539 6
1584 430 12
32 1464 6
150 1270 19
549 1674 6
1082 185 11
469 115 6
509 408 7
1709 1209 7
482 220 7
657 136 11
940 567 8
475 1592 11
876 1292 8
498 1190 12
1160 723 12
213 1617 7
919 1244 7
947 1232 26
1665 545 4
1522 1442 7
418 846 7
526 1183 16
584 1730 11
1245 1385 26
977 1260 5
367 683 4
1629 1651 11
1027 270 4
1198 294 12
182 828 8
347 1729 7
1070 411 11
1215 1736 15
821 603 11
838 334 6
1639 1218 17
209 743 15
188 158 12
1034 1631 8
941 417 7
652 587 29
611 75 6
1544 830 5
1557 1428 26
1727 571 6
169 1243 17
1579 815 6
1285 92 8
1616 591 8
1540 1594 4
862 648 26
193 365 8
284 263 7
1355 10 4
1522 1417 12
272 697 8
795 332 7
1487 730 6
198 1476 7
224 168 8
478 57 28
1695 503 24
413 540 6
69 1380 6
1464 1476 8
1581 424 6
214 1154 6
417 907 6
1589 842 5
1159 1360 7
166 1208 11
648 717 11
1368 1459 9
136 330 5
553 1705 8
784 637 4
754 970 8
70 1508 8
764 1018 26
306 513 10
774 1676 8
1400 1517 8
975 543 8
254 698 9
59 1347 5
12 312 7
636 493 8
1473 608 7
1342 72 8
391 348 8
1425 558 10
878 752 12
221 742 6
1095 159 4
330 93 7
48 14 6
733 612 6
315 1660 6
1080 584 7
1076 1454 8
567 6 11
1581 230 26
286 1413 7
580 1313 6
1386 778 5
225 550 12
876 59 11
908 327 10
1100 1363 10
1463 1336 9
72 107 12
1629 1282 9
1613 469 9
679 45 6
1101 1141 10
1370 1710 9
103 23 7
134 26 8
596 1155 8
921 687 7
805 222 5
1168 750 4
181 1082 6
1663 700 9
113 261 6
685 1003 6
767 1191 10
15 524 10
587 68 10
431 240 6
1496 1453 15
407 1526 10
1555 1575 29
470 1153 9
827 1376 7
857 1194 11
963 1706 11
548 269 10
1623 889 9
736 735 9
941 1448 5
33 1112 9
699 914 6
987 793 11
1601 1157 6
235 582 8
91 353 6
932 1545 10
12 292 11
715 1222 6
1170 1053 6
1673 879 5
1016 193 4
1485 1146 8
779 745 8
669 1430 6
977 514 4
160 712 12
1004 1360 15
97 244 4
891 1227 10
653 888 10
838 489 12
594 850 4
1411 1406 7
540 1680 6
978 1278 4
1734 1609 12
94 1469 10
331 1628 6
313 650 16
1241 1374 11
1095 1726 4
118 1147 6
1630 1415 28
590 1380 8
361 817 10
120 228 6
1113 1314 8
1732 1368 26
275 749 11
740 1417 10
862 3 6
228 240 6
1082 942 10
1463 1160 12
1296 490 7
428 1705 4
1046 205 6
1685 302 7
1531 1623 9
1589 873 7
1428 1293 24
1422 7 4
418 714 7
1579 212 4
1542 1203 8
389 1448 6
1286 885 11
1616 451 4
1188 1392 5
738 179 6
225 878 9
774 217 6
524 79 6
330 408 4
198 178 8
1081 1493 8
1098 277 8
1650 1548 7
509 913 7
806 1685 4
1182 1711 7
734 1259 20
671 909 9
1684 1237 8
447 51 15
43 1566 8
1685 770 8
389 1504 8
53 302 4
1412 415 6
1108 934 6
1722 1569 12
763 1695 9
797 1444 8
1165 1698 7
1505 608 8
57 1382 11
1038 1523 6
1559 201 12
1176 894 9
1234 979 8
792 452 9
1368 1024 8
1213 693 12
309 1243 8
1714 80 6
1122 397 8
1713 1231 11
1431 650 14
414 529 24
1469 1143 6
784 1268 6
987 1163 10
553 1468 4
434 837 10
283 710 7
1050 1572 20
1065 1637 7
578 699 10
1080 248 7
224 650 4
1739 178 7
605 1420 8
782 519 7
1648 589 5
622 16 15
32 1676 5
1024 1026 8
701 354 7
783 1591 6
780 630 29
551 1356 12
227 237 8
863 429 12
1307 1045 8
1262 1065 7
777 1082 11
1232 345 15
337 614 8
1618 761 4
1541 1522 8
44 451 6
179 39 11
24 830 4
651 741 12
1540 710 5
1086 1547 11
1607 643 10
983 908 16
960 511 8
1630 1450 11
692 14 7
441 273 8
375 921 7
617 132 4
1060 723 8
1585 916 4
112 1593 7
712 788 7
1427 1527 4
1160 1414 19
1347 1390 8
1078 470 8
1264 1594 6
301 1693 10
537 167 6
1403 112 8
912 494 16
807 854 7
1544 1733 4
313 1012 8
75 446 8
601 1717 8
455 1616 8
1715 1397 6
761 801 18
11 1262 15
1420 1192 6
1562 68 11
1555 1230 6
1044 1065 15
1267 1014 4
74 903 9
86 1615 9
1256 1159 11
1667 591 6
994 1590 7
729 253 9
1503 597 4
1508 260 11
388 1409 12
841 452 7
519 888 11
538 371 11
1174 951 6
1697 1255 7
87 677 10
1598 897 10
673 1100 11
290 1013 6
535 13 4
17 767 6
707 7 4
742 1127 6
1683 1266 6
785 1557 8
1014 272 5
1113 240 10
1315 1380 7
400 1717 6
1336 1556 7
945 454 6
822 378 8
961 1433 20
718 470 11
1200 1647 11
714 695 7
982 1039 10
220 1735 8
21 1688 7
117 1365 9
1480 739 6
328 1272 15
3 1069 28
737 202 7
600 376 5
1273 502 11
1016 146 6
514 220 8
378 1576 17
1605 289 8
535 813 6
1263 870 8
634 1588 7
25 1661 7
675 739 6
109 1169 9
1694 591 8
1515 632 10
764 708 10
4 1293 19
69 1066 6
115 1433 10
520 358 8
507 1157 6
262 1157 6
840 472 7
409 1570 26
367 1464 4
1030 1454 15
177 969 8
1354 325 6
1489 718 15
339 1397 4
1042 565 6
1442 1272 11
1044 621 15
60 1628 4
1302 1720 11
1693 1202 16
1319 820 7
1186 504 7
692 78 12
1381 1038 12
662 1577 10
653 1624 9
320 1456 6
1628 1020 6
573 105 10
510 1192 7
109 1584 8
329 728 6
625 970 5
585 1687 10
977 1498 8
320 499 10
1729 1683 6
95 256 12
562 1414 24
442 586 8
288 855 11
1208 1376 12
1191 572 6
1000 9 28
1074 1687 11
1430 1699 11
830 1179 8
814 1371 11
355 448 10
105 1660 8
1477 1696 12
450 239 9
1291 1006 12
1702 206 6
261 926 6
1034 1295 5
1300 197 6
1212 114 8
1337 1592 20
1475 257 7
904 113 6
970 1139 7
999 588 15
1396 575 7
861 85 8
1407 900 8
1008 1018 8
1614 1722 8
1704 1434 10
1110 936 7
1213 1433 12
209 410 4
1345 260 10
624 1218 6
979 305 6
1176 1658 6
1552 705 7
737 1401 12
693 1558 6
1440 407 10
1335 1685 8
934 353 6
619 1734 10
529 1654 7
1162 96 6
1099 170 10
1262 938 9
787 219 8
1345 386 11
1629 1306 7
56 860 9
1296 220 4
1304 1315 4
714 589 6
231 612 6
1176 534 12
82 1476 7
1305 1252 10
567 309 11
775 189 12
1349 786 29
1667 451 6
763 621 7
867 613 24
808 291 5
1570 492 11
681 1445 10
764 639 10
1237 761 4
36 891 11
1351 89 7
1069 290 9
219 934 9
677 1645 11
1531 1486 12
824 1326 4
52 203 10
518 1276 6
106 1210 9
825 1274 12
188 153 7
910 1315 6
1461 229 7
1381 176 11
1361 84 7
734 62 7
671 717 6
637 1324 6
1126 232 11
1509 719 7
1606 1591 6
1664 1576 8
409 492 6
1075 1170 9
781 1303 18
812 281 10
366 291 6
1202 399 7
640 962 6
1366 1093 9
1462 805 8
886 1558 7
1344 351 11
1022 338 11
627 1547 6
836 810 10
157 663 12
1606 1121 6
873 1378 4
1285 1542 4
156 807 24
1579 1650 6
1274 928 7
394 1453 8
802 1523 8
164 1658 8
34 1461 7
1238 1118 6
661 522 6
915 872 8
1545 631 11
1563 701 8
128 1342 9
443 8 7
298 1426 10
99 457 7
1283 1471 12
1106 654 7
1115 850 4
382 335 6
1208 923 12
1421 716 9
729 820 11
1614 576 12
1027 1010 12
878 1365 10
1415 1687 10
1463 560 10
319 1437 8
1547 872 8
604 1248 8
1458 167 5
969 62 8
933 1274 7
69 697 8
1405 384 11
313 790 7
897 963 8
1002 290 6
1123 502 20
111 1233 11
743 137 11
190 1197 15
1076 479 4
1225 761 4
969 741 8
1371 870 6
1162 1324 4
171 405 11
1236 528 6
695 846 5
177 154 6
1536 447 26
772 1424 10
1185 218 6
1149 1315 8
1549 1114 15
969 768 8
983 831 12
338 1161 11
115 704 7
868 160 11
21 62 12
427 726 12
366 362 7
1316 113 11
231 881 8
665 1715 4
607 496 8
1379 365 6
1392 718 8
1376 1449 6
1382 1200 8
182 925 8
11 366 5
828 875 4
252 1005 5
636 65 4
149 1057 10
1070 664 9
1059 257 4
590 731 4
570 1689 10
849 643 9
1556 1274 9
1507 348 6
986 279 4
910 436 20
171 757 15
458 1190 11
739 397 7
1089 1164 8
1554 1676 8
777 426 9
1735 1642 7
557 1156 8
245 1007 8
1737 1696 17
1321 1664 10
288 733 9
1011 909 8
1124 1148 12
852 1243 8
861 1527 7
621 1033 9
456 300 4
1254 365 5
590 485 13
1123 1219 7
346 99 8
311 1097 10
143 686 9
579 766 8
1296 1173 8
201 285 11
904 396 10
1272 973 11
242 1204 10
1656 172 8
521 1610 24
890 1289 6
162 1128 8
848 1332 12
76 141 8
1332 844 7
1159 414 9
274 972 6
270 408 7
1261 1330 7
1463 723 8
162 1651 10
713 1466 29
469 886 10
428 41 5
1362 47 6
1264 1109 8
1102 1701 11
1100 364 8
1062 1638 10
658 1596 11
55 964 11
1502 214 10
592 505 7
180 1331 10
388 1720 11
899 1680 6
1010 408 7
770 1088 4
1612 1716 6
150 881 12
1495 226 8
345 864 10
1736 1261 7
1549 999 5
1517 387 5
1629 631 20
1310 991 10
949 964 7
104 292 10
1423 1444 6
1247 1704 10
493 1564 4
1578 980 7
960 282 6
1630 1185 9
2 927 9
1301 1151 11
991 1002 7
952 267 10
126 638 9
423 543 11
668 1614 26
537 1052 4
1005 1480 4
655 1565 4
946 258 11
497 1164 8
891 205 8
678 709 10
141 277 10
1135 1511 6
1689 261 6
864 1372 11
1360 956 9
1439 1068 6
99 501 7
900 1515 16
696 507 5
1014 1211 8
1454 1039 11
329 1553 6
1418 1180 9
1317 1516 9
1111 772 11
144 1545 8
307 193 6
718 1688 8
877 416 12
502 1219 7
1415 427 11
302 1628 5
403 54 16
958 1418 6
1688 379 7
1246 270 7
1039 927 6
1205 1651 7
551 1609 10
44 819 8
523 1697 7
924 338 6
1359 394 10
626 1323 4
470 1243 6
147 562 26
132 1135 8
1253 859 15
1126 835 9
464 429 9
738 314 10
212 813 8
433 323 29
268 1235 6
1124 234 7
1225 486 5
818 1481 6
569 1495 10
1632 1609 9
1536 1053 29
1633 807 11
1470 642 6
1483 431 6
1404 994 19
49 1153 26
563 719 7
1100 1176 11
932 1282 9
311 349 9
1156 956 10
1087 1043 6
589 496 7
1581 254 6
12 746 9
2 1057 11
1482 483 6
453 354 6
1382 1647 12
1435 474 11
140 233 4
606 756 10
613 1234 7
1128 137 9
219 959 9
798 1362 9
406 1298 7
1201 186 11
1042 539 7
692 454 16
753 1456 10
349 1177 6
973 1649 9
151 1641 7
494 615 10
647 881 8
905 988 7
1478 1199 5
1552 521 9
59 45 8
34 1150 4
1157 77 6
256 1037 9
423 1072 10
336 299 9
576 76 10
390 67 12
1679 119 8
1142 1319 10
206 119 6
1259 62 7
370 880 12
113 1187 11
1232 499 12
418 1475 4
1170 1319 10
1175 110 5
551 610 6
1212 1125 8
1379 1679 4
707 722 7
802 1131 12
335 1085 5
355 1079 9
1146 793 19
426 1391 12
231 740 11
1505 959 11
570 826 10
128 1586 9
507 990 7
209 1300 6
798 18 12
1250 845 9
1190 453 7
836 1545 6
875 597 7
1347 505 4
30 703 4
102 1366 26
222 1171 4
267 421 16
1171 461 7
245 1200 10
1306 1145 6
1641 211 4
786 1711 9
25 1561 8
568 626 18
103 924 16
1384 375 15
69 389 4
176 1038 10
897 603 10
615 1637 7
253 1472 7
20 994 24
842 43 4
906 1219 12
438 1448 4
1663 332 7
1082 584 8
142 55 12
370 1354 11
24 1681 15
1295 1147 6
528 552 9
825 933 16
1425 375 11
1513 517 6
1096 1047 8
1605 1594 7
484 1277 9
895 1494 10
92 789 12
1153 527 24
830 119 7
1374 1223 8
1398 236 8
1538 484 26
1465 68 6
375 420 9
929 241 8
838 821 7
1232 320 11
629 1055 10
328 814 15
669 1609 7
100 1631 12
308 607 6
809 498 11
1411 1715 6
71 342 7
1091 1380 7
690 7 6
1188 574 8
404 1327 4
665 1397 4
1257 96 7
681 1168 8
413 328 5
368 452 12
1434 395 6
769 587 6
526 1523 7
1227 202 10
1044 734 15
1057 1471 11
427 364 7
1541 1207 6
427 1231 12
178 843 7
752 1138 8
1459 1036 9
915 173 8
333 251 6
1058 1395 8
677 998 8
381 26 4
1383 763 11
1690 797 12
345 1695 26
1597 79 9
1129 1546 24
216 597 4
832 1077 6
9 820 10
678 1007 17
230 1559 9
1631 1147 4
1670 549 12
1547 1172 11
779 1 6
1661 719 4
111 1274 10
556 803 4
29 583 5
1253 1535 15
709 1063 10
528 1344 6
459 34 7
691 983 8
1331 882 16
1517 1420 5
995 1355 8
1167 579 6
274 1171 7
1711 1492 7
1267 929 6
1128 393 9
1705 377 6
2 294 11
400 1463 29
741 173 6
596 1141 6
704 1055 7
484 1646 8
636 471 8
385 616 9
106 475 11
1241 1223 12
1270 1196 7
1128 1545 11
1441 754 7
730 948 6
600 96 12
1189 1591 7
1035 225 9
405 445 8
756 967 11
1238 993 10
1371 792 12
271 1113 10
90 1625 8
1730 1728 11
1093 981 9
140 1683 6
1348 733 9
149 822 12
282 1533 7
877 142 9
338 1530 6
1216 724 8
1671 1574 6
831 524 7
1644 368 8
610 745 8
321 1418 8
665 1025 5
1496 1359 12
199 486 8
864 549 8
1086 52 12
587 1404 12
569 1112 10
1712 1178 18
947 320 6
489 107 9
622 1425 15
1004 1384 7
1287 229 4
456 600 6
1106 129 8
688 148 7
286 465 8
1597 1465 17
1727 405 6
1496 319 11
1111 1352 15
814 452 10
1099 802 11
1651 393 6
1630 165 9
806 190 5
1656 100 6
1279 199 5
1292 1365 10
1429 1064 5
721 1226 20
1260 213 4
1641 974 5
1261 327 20
809 1483 10
610 1646 12
1179 365 8
1578 244 5
1681 156 9
922 815 5
1568 533 12
1024 1444 12
1489 380 4
247 1502 10
697 1149 7
1684 1327 7
1402 989 6
276 94 28
88 1679 7
1146 1658 12
607 846 7
1448 1066 6
1721 723 8
239 641 8
1723 609 12
380 1192 5
625 1585 7
340 1236 9
555 23 6
237 1451 9
1280 580 10
1303 667 5
512 1380 7
1192 291 8
1408 773 10
1368 1491 15
1445 617 8
1092 568 4
238 1180 6
1542 754 8
55 949 19
606 686 10
364 534 7
620 491 6
1035 1280 15
853 1103 6
796 172 8
1248 1654 11
965 1355 4
1342 72 10
758 1195 28
1240 993 10
203 789 7
976 1334 6
1423 955 12
650 974 7
1203 244 6
484 871 15
84 1504 4
684 106 6
1488 1324 8
166 1574 9
316 1605 4
1441 40 7
1235 1092 6
565 457 6
1049 642 4
1383 1615 11
564 562 9
1369 1177 10
1532 953 4
882 1151 10
471 1561 8
1400 291 8
527 309 7
1498 281 9
1316 359 9
289 1264 5
1053 253 9
415 800 6
734 1688 9
1316 694 8
530 1220 4
1378 279 13
1732 1128 6
441 357 10
725 1142 11
444 176 6
293 635 29
1314 1102 10
42 169 8
1670 503 19
1531 49 15
74 108 20
326 1293 11
635 1706 10
1075 398 12
1559 945 9
226 440 10
208 939 6
272 84 7
1680 192 6
1068 1602 6
835 740 9
806 459 6
648 606 15
1422 216 5
1053 1155 8
88 119 8
1383 399 10
136 905 8
855 727 8
485 159 4
403 1545 7
858 1214 5
694 674 8
516 1054 9
155 957 7
1506 953 4
169 1339 9
1737 948 8
609 1007 12
1643 1599 6
1038 903 10
351 1130 7
770 1621 7
1179 1386 8
714 486 4
442 893 6
751 1235 6
1146 1206 8
424 1619 11
1229 781 5
1344 989 6
111 1336 8
477 748 6
324 703 7
1669 122 4
1040 485 5
1211 241 6
499 1674 6
1162 224 4
129 970 8
528 1668 7
1398 527 11
286 813 8
1143 483 6
352 879 4
930 785 10
530 1599 4
390 1593 8
1512 645 29
187 1081 5
985 826 8
1253 714 5
1058 1455 11
652 772 6
681 1511 5
1230 1345 28
696 262 8
873 1042 8
1005 1416 6
1562 1286 28
1066 818 6
1142 253 8
97 1106 7
1201 1177 6
506 296 29
992 167 4
209 455 4
346 99 10
331 1427 7
808 858 6
114 249 11
1249 274 7
1195 651 11
367 1682 8
383 161 6
657 367 8
1542 666 8
311 430 17
125 664 6
1692 748 5
1191 956 10
1037 292 7
140 212 7
511 1105 7
845 895 9
79 1103 6
300 650 4
194 1657 11
1303 1051 4
870 475 6
330 850 5
1709 778 4
1652 1321 8
456 574 15
798 775 9
635 1134 12
416 1603 10
1188 1042 8
126 1182 11
1517 1214 4
363 164 10
522 248 10
1385 228 11
1241 1140 8
1169 1714 9
123 402 5
322 1287 7
550 1138 12
182 1503 7
386 896 12
1250 569 12
438 1040 7
94 422 11
5 1395 8
999 1703 4
1589 1378 4
487 1411 6
1033 1358 7
242 457 6
1253 574 15
1730 1521 10
135 874 11
451 819 7
1065 1469 11
609 1588 11
742 1631 6
1207 1417 7
1456 1615 6
907 512 12
337 612 10
1310 1114 11
574 430 6
1326 899 7
1028 682 11
1508 896 20
1144 1428 9
1457 542 28
286 233 4
185 73 7
88 830 8
952 421 6
1658 1713 6
68 327 11
1364 283 5
34 672 6
275 61 8
1048 523 16
1665 819 6
812 1258 26
211 790 6
1303 233 4
837 1302 8
933 562 9
1134 473 19
974 168 6
1053 1301 10
363 894 26
836 1282 10
155 392 12
884 1514 6
17 414 9
626 1692 5
198 1333 4
780 425 26
1197 1451 11
378 927 9
417 1380 6
773 829 6
142 1645 9
90 979 12
647 700 9
1032 67 10
856 1701 9
1640 931 7
647 150 12
822 1172 19
160 1033 7
862 143 29
152 1469 10
1516 238 6
851 1452 9
1266 781 4
224 637 5
1656 1599 4
716 476 6
1064 978 8
852 1688 9
1451 1560 8
306 1728 8
1694 352 7
437 8 7
1447 1463 6
38 392 9
968 776 4
1496 663 8
1348 288 28
33 1223 8
140 535 7
610 857 10
1134 334 12
1256 948 11
908 20 9
1222 1572 11
1375 1181 4
54 1224 9
1659 50 5
1202 712 10
479 297 8
131 91 6
497 775 11
110 270 6
1460 1103 10
334 1706 6
1393 127 6
824 935 5
717 919 11
890 749 6
808 1591 4
1717 1721 11
671 991 7
356 681 4
717 1627 10
1280 771 10
939 583 7
896 768 7
900 558 12
1036 403 8
154 1052 4
1583 970 4
1399 1583 4
205 16 11
267 1363 12
1264 1399 20
63 1444 8
1184 1120 4
223 1649 8
1584 311 8
1043 1722 12
213 1735 8
381 776 4
42 1243 12
1500 1151 12
1311 1711 10
1391 586 12
900 1125 7
1429 413 7
323 550 12
11 470 15
85 1527 6
173 1580 11
1030 519 15
885 1023 7
660 445 7
1524 1152 6
1553 318 7
731 241 7
1389 1296 5
1662 1591 8
1667 410 7
53 1335 6
43 435 7
190 1685 4
1666 1550 10
644 1473 11
338 555 10
978 123 8
366 387 4
536 1419 6
778 1209 4
750 1052 7
1678 525 6
1358 399 9
724 1320 16
1133 1165 8
1598 334 17
1623 42 12
782 745 6
757 833 26
61 5 11
1107 1348 6
688 1718 11
968 1373 7
1012 96 7
838 616 9
1404 1465 12
858 1189 8
1031 1127 7
190 666 15
282 1567 9
952 267 8
1048 6 7
678 1388 9
871 817 10
1652 317 10
1620 1311 8
958 1731 29
1485 363 15
1466 457 10
443 776 6
1661 471 6
1132 1651 10
284 971 20
288 1595 10
1418 629 28
705 453 7
1553 517 6
621 1393 11
109 1201 11
154 1599 4
1087 1668 10
433 1035 26
1102 240 6
36 358 15
819 545 6
1478 1498 15
119 1323 5
856 1563 9
95 833 9
403 1205 12
865 87 8
71 642 8
1361 159 5
1421 98 10
455 1712 4
1535 688 7
376 96 10
369 217 6
1675 615 11
1229 791 8
955 1205 9
1227 1706 6
842 776 8
112 1365 12
1069 906 11
1400 446 4
182 7 4
327 1330 7
1361 241 8
1498 1647 20
1591 1539 5
72 205 7
421 987 6
1716 137 6
21 1259 12
876 134 8
542 390 11
1522 1207 16
1653 676 15
361 1288 10
412 759 6
279 278 4
508 1290 6
91 613 11
1167 78 10
1049 348 5
1625 787 10
691 983 10
1322 1483 7
1331 725 7
625 1578 4
1239 764 8
664 261 6
1468 1422 18
1541 1522 10
800 1564 4
88 568 5
1625 979 17
967 143 6
1424 68 6
1586 1608 12
1702 477 4
299 645 6
1435 1639 8
1284 481 6
51 156 26
859 1050 7
1000 854 11
898 1393 10
904 643 7
7 1119 7
1523 108 11
1537 279 4
1667 1375 4
447 1075 9
1140 152 10
42 309 11
943 348 6
1693 399 12
772 1103 6
1515 420 9
914 730 6
1250 1241 8
19 538 10
153 1405 11
360 1641 4
1098 467 11
478 1388 9
1466 694 12
1177 384 6
696 1524 8
377 690 5
643 125 7
1182 23 8
571 874 9
1043 504 10
685 505 6
645 1658 8
765 1621 4
1553 1174 7
1344 576 10
1348 727 11
104 1308 11
3 1011 9
1302 458 11
1141 937 6
1065 1112 9
339 415 6
685 381 6
768 153 6
21 6 8
698 191 6
1217 867 9
1000 1079 9
746 256 7
268 265 4
877 702 11
944 549 8
317 280 6
1302 809 28
1596 163 11
1036 403 10
678 1154 8
32 1027 6
1091 272 7
1415 1185 9
316 244 8
427 1713 8
1406 432 4
33 1241 12
1406 466 6
1312 461 4
1147 1094 7
817 1632 7
1173 262 4
228 354 8
917 654 5
1650 815 8
832 335 6
1001 719 5
465 815 7
1070 125 10
1084 67 20
522 586 8
1182 263 12
1047 376 8
1271 326 11
1089 179 10
880 1336 10
92 1576 6
1614 1344 11
835 150 12
70 284 8
567 35 28
1421 874 8
555 1711 10
454 78 7
888 1624 6
356 711 5
409 245 29
1256 956 8
968 279 8
539 396 20
1304 590 7
1447 1274 10
1096 96 4
380 1073 4
411 826 7
782 1560 9
1250 226 15
237 1624 9
1481 618 5
1128 1132 28
939 1278 6
1508 1396 9
268 1709 7
1173 50 8
1466 826 9
523 1153 9
548 1242 9
832 728 6
595 928 11
702 173 8
649 872 6
1180 1428 8
383 392 10
1116 1566 7
1669 376 6
1681 1155 6
1429 284 15
788 1410 6
379 1697 9
1457 1593 11
541 254 8
372 404 7
235 1493 6
1372 944 12
587 1023 9
543 1258 9
1426 1028 8
274 222 4
806 1144 15
1321 203 10
1663 795 20
1492 720 9
493 462 5
295 1194 12
36 1134 8
1217 464 12
1548 813 5
1430 361 10
1252 632 11
37 33 29
922 781 4
1352 1023 10
842 278 4
1614 141 15
262 1617 4
1275 1013 10
1248 914 9
413 1064 4
1017 721 15
1118 1009 12
1333 369 5
639 744 7
1012 1228 18
1524 10 8
75 1073 4
940 1255 10
1229 1199 8
344 605 6
1004 382 4
360 1508 15
425 1666 15
1041 151 7
1589 539 8
252 41 4
358 202 10
412 208 7
1245 1302 6
186 1309 7
433 1457 6
488 616 8
574 1508 7
877 55 8
1305 1395 8
608 464 7
1404 1590 11
532 778 8
390 679 12
171 798 9
342 642 8
1211 159 8
1436 1138 17
1219 561 6
1295 1220 4
1582 1524 7
958 326 6
221 1631 4
295 857 8
1061 1267 7
305 1226 11
359 694 12
150 1196 11
1657 1341 7
1154 1258 8
121 140 4
1399 1725 5
144 1282 7
1391 73 11
1217 721 7
1311 641 26
441 1677 9
915 1725 8
805 728 5
1717 560 11
667 465 5
1076 97 8
595 844 7
1251 824 18
868 127 9
726 673 6
570 1622 26
769 831 10
1310 686 8
314 476 10
206 751 4
1063 1388 6
827 923 20
1247 870 17
146 193 7
1026 393 9
1617 990 8
852 6 10
175 911 8
1646 1699 19
1271 1613 9
855 795 12
1445 750 8
419 892 12
184 573 8
1027 1090 5
506 877 26
479 1583 13
1673 197 6
523 1398 6
1156 414 26
413 973 15
1578 1364 7
74 170 11
227 888 10
913 1676 8
1554 850 8
1316 242 12
160 788 12
211 1587 7
585 1630 8
1085 953 6
1031 750 15
1562 1590 11
422 615 12
535 465 6
1535 1242 9
732 1101 10
740 1196 12
69 159 8
237 1356 11
695 589 6
546 89 4
1150 1461 4
759 1326 6
381 592 12
1526 1280 8
1392 249 8
141 552 26
1549 535 5
174 1375 5
11 1489 5
380 446 6
54 1612 6
245 609 12
629 1516 9
859 1018 9
513 1718 10
36 1227 12
386 768 12
1704 106 8
1160 1721 11
461 335 8
876 437 8
1467 50 5
986 1340 5
1403 1032 6
191 1008 6
1654 1696 8
774 64 8
1458 132 6
1144 1698 12
1175 178 8
614 700 10
921 1534 11
269 148 7
275 1443 9
496 846 6
1398 1486 10
128 1134 12
1657 269 12
630 608 9
719 89 8
1646 1490 8
64 1464 7
1290 377 8
87 1603 10
17 392 7
1519 103 8
1353 766 17
805 382 8
821 202 9
1285 479 4
1489 1189 4
36 128 9
1000 1301 11
308 846 4
9 1500 11
1280 1129 26
1056 3 8
230 764 15
1614 340 9
1387 199 8
737 1046 12
1215 455 4
181 851 6
1535 1474 12
624 284 7
1300 196 4
1479 1533 9
504 923 11
195 1094 6
1163 364 10
298 1439 9
1580 1603 8
134 776 6
703 1397 4
1220 1328 4
626 265 4
1283 1057 8
177 173 8
646 1697 10
24 1709 5
588 1484 11
207 1574 9
1159 1696 6
80 158 7
265 751 7
1114 892 6
660 179 7
1453 515 26
494 1494 7
336 952 9
1521 1718 7
1580 1334 11
1308 746 7
961 693 7
571 104 28
439 1072 9
1565 1432 7
975 696 4
1349 450 6
112 45 7
1135 750 7
433 1440 6
683 64 4
705 1483 11
242 826 10
120 521 9
373 423 11
483 163 6
216 182 6
1578 1139 6
1609 888 7
143 419 12
519 1678 7
240 1484 6
668 1043 29
605 446 6
1686 1080 10
1267 624 8
1507 1015 7
1446 81 6
796 1031 4
101 1034 6
823 784 5
211 974 8
1612 836 10
2 1021 28
1159 38 12
1429 1337 15
796 1640 7
988 850 13
1625 934 9
1645 296 6
241 343 7
656 504 11
1292 883 11
1508 768 7
758 251 9
929 910 5
834 811 4
1097 1230 8
736 967 9
1589 1084 8
841 1592 10
1059 901 6
667 1136 4
103 720 12
859 766 6
622 1256 15
571 716 9
898 86 8
802 903 7
1703 465 6
963 1054 9
139 899 4
822 1576 12
1017 1351 5
1515 749 6
1634 168 5
476 874 6
442 661 11
394 81 10
15 1562 8
1506 222 8
992 1168 4
566 1432 5
273 420 8
1249 318 7
1288 1 10
1736 20 9
1612 1145 8
1059 496 6
1418 1006 11
1350 755 8
1110 297 7
644 1108 10
958 1271 26
694 1187 19
267 673 7
1016 307 6
232 1270 11
1294 786 6
384 762 8
889 523 6
371 158 10
1173 220 6
1346 928 10
1694 811 4
285 766 8
969 118 5
1478 121 4
1489 1596 15
151 790 5
594 905 5
1122 722 7
1302 431 9
930 83 6
1476 1682 4
694 565 12
318 972 8
1107 1126 26
574 575 12
559 90 12
1526 1313 10
823 376 8
1225 1551 8
783 1662 5
756 1013 6
968 1347 7
301 1693 8
1295 195 4
1009 1357 19
902 725 6
155 572 7
1446 870 8
1317 22 17
1737 914 9
1132 144 11
619 1734 8
12 39 20
1653 1261 15
814 1210 11
59 1390 6
1199 791 7
99 643 12
1197 817 8
1348 1196 11
1444 1545 6
1188 681 14
344 1420 6
47 833 9
885 1330 12
1183 176 6
627 149 29
1457 829 9
440 483 6
889 1048 10
1450 1658 8
425 1691 12
1202 320 6
1627 1273 6
1346 848 11
1282 955 7
123 1251 4
1532 374 5
735 250 10
1277 551 9
988 408 8
340 1087 9
145 1409 8
541 804 10
853 1465 8
1339 602 6
1491 63 10
391 1278 8
95 1164 6
32 408 6
560 1332 11
1472 1319 9
211 1350 7
1592 1148 7
528 923 10
152 276 8
195 711 8
1725 244 6
1248 572 11
1347 556 7
1335 302 8
407 1593 6
732 253 10
1385 271 12
82 178 6
1026 137 8
1685 215 4
1389 373 8
493 1001 8
194 1452 9
891 473 11
438 697 8
1485 1163 12
74 1131 7
1212 69 6
30 1351 4
950 1438 6
372 1475 4
1041 1268 19
355 937 8
1320 492 6
1681 1472 12
582 566 6
907 1149 5
1519 103 10
728 318 6
966 235 5
1598 488 8
611 1662 4
839 1730 15
1596 1494 10
200 687 12
689 706 6
1635 363 8
1550 353 6
1353 1008 8
923 1376 7
1331 1319 12
1367 1573 12
1385 388 8
136 31 8
1487 383 11
1272 223 11
532 265 4
226 1112 10
187 1493 4
70 195 8
687 1125 6
73 586 8
237 653 28
1230 384 9
1413 1136 4
1158 1265 10
1394 324 5
1035 407 12
1432 1355 4
516 603 10
206 307 6
1206 1185 9
424 191 6
493 1561 5
656 1574 9
2 280 9
232 1442 8
1281 322 6
559 847 9
1455 1305 6
1195 333 10
284 1117 11
323 1593 10
1506 972 8
1505 1217 11
1310 1011 11
1052 1511 6
1030 806 7
1060 1447 11
749 662 10
906 1273 8
1730 1535 11
666 203 8
878 323 6
913 1476 7
538 1177 6
657 111 8
1086 1193 9
1230 349 9
1564 665 18
950 308 7
657 718 8
724 1072 12
753 345 8
303 872 7
1732 1612 6
614 1649 26
1276 1115 5
176 1068 6
434 1484 8
251 976 6
204 1150 5
989 1738 6
346 904 6
1723 1216 9
863 131 16
748 307 7
964 998 8
249 624 11
22 83 6
806 782 15
1144 22 6
1019 1015 4
983 946 7
674 175 10
1620 1530 10
1169 371 9
1069 1002 10
1540 1571 12
1248 948 9
1470 342 5
1438 1475 6
1353 541 10
382 1249 4
1572 48 7
1510 1016 7
1318 301 9
1574 989 6
457 396 11
717 561 8
252 675 5
523 1259 10
257 304 6
177 1031 8
1676 1090 7
1246 1464 7
1245 228 6
1549 1552 15
1642 490 5
1104 879 7
1731 1165 9
315 623 12
440 1223 8
1269 1373 6
441 1395 17
519 1194 20
1702 1142 15
548 1521 7
1032 1365 7
1096 600 6
763 549 6
209 1580 15
303 1057 7
1340 1378 7
1320 1258 9
579 1222 10
1318 1670 12
1351 636 8
1229 1136 7
663 870 12
905 270 4
587 1465 8
9 1079 9
1384 622 5
1423 1629 7
1184 335 7
287 1137 11
1736 1465 6
954 859 11
1656 132 5
1186 1449 7
146 1254 7
1314 521 26
492 247 10
609 634 19
67 679 7
436 485 4
70 539 8
419 919 19
1042 849 12
1690 1205 10
147 1060 10
70 1445 5
118 537 6
1078 657 4
1506 1312 7
1518 420 26
855 700 7
509 217 8
1700 711 6
1005 41 4
1454 203 9
1494 1469 7
1387 257 7
775 1037 10
52 1652 10
1497 1518 8
1106 297 4
19 1396 10
468 303 8
167 711 5
381 463 5
183 1183 6
341 1537 5
996 1350 7
1289 1252 11
1659 1617 6
1409 458 6
1692 1679 4
145 458 10
157 1644 9
1021 1283 11
1390 134 4
310 1674 10
1687 1185 6
1020 1621 7
786 23 10
1290 1468 5
1597 15 10
705 406 9
1487 1696 8
363 364 10
654 625 4
995 582 7
998 1105 6
708 766 8
250 671 16
729 902 7
1317 1180 8
258 831 10
1313 883 6
540 1507 7
745 857 6
122 1669 5
595 1332 20
37 276 6
1216 724 10
1188 470 8
1307 893 10
75 387 8
1314 406 10
432 471 8
108 1131 7
1201 153 8
1217 979 6
1090 270 8
1529 1056 10
291 387 8
1005 135 15
1643 796 6
320 1410 8
1413 813 6
246 1588 12
1684 901 8
1260 1157 8
164 218 6
53 672 5
1321 1708 26
1499 435 6
581 797 7
44 545 7
978 899 7
1702 830 4
661 1521 10
593 1327 7
47 39 10
468 303 10
1062 223 8
320 503 11
138 1554 8
1013 1011 6
1061 1095 5
1193 468 9
680 1431 4
1525 1435 12
507 50 8
1424 1023 10
1665 44 6
663 500 19
882 156 9
1338 1088 6
1498 1063 11
801 1438 4
296 1105 10
701 458 7
1133 1144 11
1405 574 11
1236 1186 10
411 457 8
255 1694 6
70 992 5
933 1354 6
1580 1533 10
675 1480 7
784 96 7
133 1434 10
1017 1394 7
1573 957 6
416 1105 6
1353 698 9
1277 1646 12
1525 1294 9
1470 540 4
410 811 4
1001 89 6
1076 1285 7
1364 297 6
542 829 9
323 771 9
966 1735 8
869 1708 9
149 1576 8
1036 54 6
1480 7 4
977 995 8
336 1146 12
656 1738 9
525 1197 11
936 244 6
1544 827 15
1148 1437 6
554 1328 4
381 435 4
714 199 6
175 125 10
666 280 11
1366 1191 12
266 1009 12
1096 1350 13
75 116 7
1203 916 8
1271 4 8
169 940 10
722 925 8
208 402 6
170 1439 6
233 1729 7
546 471 5
1500 902 12
1436 829 9
1430 525 8
901 1438 5
46 1566 8
1599 1640 7
1643 172 5
72 1706 7
1007 1200 6
903 623 7
1366 767 11
1082 893 6
1520 553 8
200 632 12
1587 313 5
856 388 12
1535 586 6
777 1045 15
1074 364 9
754 1110 6
1595 733 6
776 1269 6
56 1233 8
727 795 11
129 283 8
437 58 6
630 305 10
423 281 8
1139 1585 8
310 549 8
803 1566 8
1237 901 7
319 81 6
812 124 10
1734 669 16
995 1157 4
683 369 8
511 282 16
670 1051 6
866 1003 6
1510 1323 6
154 167 8
1203 1139 4
198 64 5
829 1313 6
1478 1549 7
1079 1141 6
1004 1184 5
296 1603 9
420 1325 24
822 294 11
254 285 11
1179 751 7
396 1071 7
1136 791 8
111 564 11
892 1273 6
869 1471 10
1297 1039 7
1477 529 19
477 265 4
799 998 6
375 997 12
228 271 10
718 1697 10
1175 1115 6
101 750 5
1527 672 8
579 201 12
169 1377 8
1268 996 8
3 1244 11
999 1310 15
33 1675 10
538 430 8
1727 1089 29
1003 8 8
893 1728 6
1471 649 7
1009 298 8
1163 1635 10
1425 273 11
1360 1573 7
1459 1024 12
1126 920 12
770 204 8
737 1706 8
6 1259 11
383 1654 12
1549 140 6
260 349 6
13 1611 4
413 624 15
110 518 8
1684 761 5
1278 402 7
1417 1595 7
255 879 4
1118 903 9
134 842 4
985 1042 11
1337 1434 11
148 584 6
701 120 16
573 903 10
405 476 6
446 1420 7
1732 932 29
573 918 26
486 593 4
1719 1138 6
1380 241 8
1029 450 8
124 214 6
1701 145 6
1107 647 29
347 465 4
674 926 8
1566 760 7
49 259 10
1383 1033 8
992 356 6
371 1575 6
1096 1324 6
56 723 17
1401 1046 7
515 500 24
1211 84 7
25 1397 4
1520 925 8
1328 100 6
1109 577 6
1553 728 8
1317 321 10
276 163 9
617 118 4
1216 1320 6
933 1332 10
756 892 8
86 1674 11
1709 748 6
961 1165 9
572 1221 11
447 398 8
971 263 7
1727 171 26
1387 1225 8
138 734 8
306 1452 9
481 488 6
1035 1440 11
44 659 7
787 1108 10
201 1619 19
1086 822 8
576 504 6
404 199 6
1390 1269 6
559 1343 9
1097 260 10
1636 1468 4
571 189 11
1006 22 8
723 560 6
554 172 4
1014 1212 11
681 750 4
1722 207 8
985 643 10
1691 608 10
1694 1375 8
91 1691 10
544 463 7
60 1281 5
1544 729 15
830 568 4
564 595 7
1399 1139 5
1646 745 12
869 1547 6
1084 771 9
1138 1593 6
113 242 10
1292 771 8
1714 188 8
1731 4 12
61 1395 12
1062 733 9
1164 179 6
659 1104 6
1284 1586 11
1626 1417 9
1529 1011 8
1364 1139 6
1026 162 10
760 556 5
1320 1072 7
662 1252 6
1394 30 5
1106 1583 5
895 1374 12
718 1377 11
801 1648 5
936 283 8
1509 89 8
844 31 6
1696 572 6
1363 1687 7
1478 1123 15
1127 132 5
1271 930 12
1633 1141 6
969 195 8
747 831 9
226 938 26
151 1047 7
1406 462 6
1621 1067 6
887 1615 8
385 1401 10
1600 769 9
207 1569 17
1544 24 7
1515 558 7
135 95 11
1548 1229 6
762 186 24
967 991 10
1600 1404 12
391 943 7
326 930 10
1117 638 6
918 1357 24
295 817 7
221 1094 4
1705 707 4
1043 1569 8
607 589 6
1538 1430 6
786 1435 12
824 759 4
322 672 8
161 572 10
1178 491 4
1257 650 6
1484 521 8
1584 186 19
688 1341 9
1094 1168 6
880 1655 10
577 980 5
622 1184 4
1206 165 8
1689 1607 11
1644 368 10
1329 1073 4
850 64 4
1122 739 6
370 1370 9
847 863 8
98 292 10
43 1003 7
1041 1324 5
1681 729 7
1137 1572 12
357 1289 8
434 431 9
158 260 7
181 522 29
909 919 24
1433 693 7
487 89 6
1559 1167 9
1169 1584 12
472 1122 6
1158 1334 8
771 117 7
1289 449 28
1513 953 4
1392 195 4
1124 475 8
42 527 19
1152 220 7
177 501 8
197 491 5
1731 83 10
131 1226 10
1724 49 8
1368 836 12
696 1389 11
1429 1470 4
1669 823 5
338 114 8
617 1631 4
1333 1464 6
605 808 7
929 618 6
995 1296 7
1140 1223 17
1073 130 7
247 1200 6
1028 1439 9
651 1603 7
54 1205 7
1650 212 7
540 1326 4
724 373 7
612 223 6
135 746 8
232 612 6
811 196 7
1084 679 7
139 402 6
1672 1712 4
1308 39 12
1130 1569 8
201 766 12
1549 543 15
1398 602 6
138 683 5
1477 1737 8
1300 620 6
957 1256 11
78 804 7
339 432 7
362 1662 7
1204 570 8
1403 112 10
180 1331 8
1004 921 15
221 1052 5
1552 1298 12
1296 1355 5
1536 1000 6
345 1033 10
1446 1568 11
731 1481 4
1693 1410 7
622 1513 4
684 319 6
1528 852 29
510 1073 4
942 248 6
401 1218 8
456 1488 8
168 1268 12
1 1451 6
280 1708 8
769 1590 12
92 1454 7
252 1176 15
915 1106 5
1043 277 9
1027 1682 4
10 1617 7
1562 79 9
1248 578 28
1308 312 12
777 1391 8
1064 1251 4
655 10 5
1044 1189 5
343 1707 5
927 317 6
1210 515 8
1140 163 8
1183 918 9
1563 120 6
1213 1165 7
863 1419 7
16 838 11
470 734 7
963 488 9
1050 639 9
51 253 10
1394 315 15
887 549 17
1305 61 12
478 1200 11
1025 25 6
1501 741 7
1335 229 7
782 1632 12
386 1396 7
444 1381 26
25 471 8
1145 743 11
399 1393 7
532 748 8
1582 1735 7
1400 130 7
416 865 10
249 1711 8
17 1221 10
490 655 4
1597 598 8
851 1728 9
555 1620 10
254 1008 9
1392 1405 8
161 956 9
1051 233 6
1453 234 10
662 1497 10
121 791 6
601 928 10
499 1033 10
1587 28 5
124 1007 8
245 281 9
520 481 10
1495 483 10
738 746 10
1394 1217 15
1179 748 4
1485 987 11
353 959 6
97 1109 7
1271 1557 15
1394 339 6
1283 203 7
686 816 7
926 1622 8
1734 857 7
1026 1444 17
232 920 10
705 1190 20
891 481 6
1416 1119 4
578 1367 11
534 1363 9
1435 1161 19
1263 663 12
595 1336 9
1291 1731 6
1175 270 5
1655 147 8
24 467 15
821 1401 20
51 596 10
1160 56 8
243 912 10
1723 246 9
1176 1074 7
155 17 16
1436 1408 10
498 406 7
1389 153 8
1700 221 4
982 2 8
183 526 10
276 1374 11
1044 11 7
300 680 5
1490 745 17
866 776 5
24 268 6
635 202 9
348 1019 8
1161 474 7
724 1200 7
735 250 8
954 78 10
834 545 7
1666 608 10
188 962 7
136 236 8
1265 333 10
744 78 9
1249 689 6
1414 1721 7
472 397 6
484 1430 11
1004 821 15
120 1190 10
1337 1148 7
827 1671 11
1209 1679 7
1648 372 6
27 1671 10
207 1738 8
230 715 12
912 1675 7
868 1393 10
941 618 7
1060 325 6
986 1003 5
1208 504 8
289 980 6
531 84 8
720 1117 7
1568 1263 6
591 1375 8
403 1145 7
620 1665 7
871 779 10
234 792 7
1364 1540 6
30 985 15
969 263 8
1739 82 7
1132 393 9
743 1282 8
1304 1448 6
866 1537 7
228 1610 11
1486 1688 10
1443 61 12
965 1601 5
1078 564 8
1215 799 15
258 598 11
361 857 6
59 501 8
735 671 6
1272 700 8
1196 881 8
1107 232 6
1655 325 10
296 998 8
535 1611 7
1546 752 7
1263 234 9
1017 1001 4
973 881 6
110 594 20
1021 1039 10
498 458 8
1201 640 10
1045 1341 10
749 1325 11
770 672 8
1204 261 10
1600 691 9
962 896 11
669 1194 10
1218 23 6
480 353 10
1372 310 6
1158 998 17
1320 1647 10
174 819 5
904 1622 9
624 641 9
1638 1348 8
605 1192 7
550 1436 8
1728 1242 8
112 1032 16
1089 746 9
1507 29 7
841 319 6
644 934 9
274 517 6
149 203 9
1613 4 12
249 720 10
628 229 5
204 628 8
1402 1087 11
360 456 7
607 1279 7
43 46 8
1167 285 12
1441 577 4
301 1202 6
1710 933 6
1627 1275 10
1023 747 7
1118 1660 8
713 1316 26
1028 1602 9
1657 248 8
321 1055 10
1371 515 9
183 526 8
1669 790 4
564 723 6
1083 1237 5
118 1220 5
1512 1485 26
28 122 7
1542 915 11
997 558 9
1499 986 20
629 1213 11
1231 726 7
675 925 6
1333 1115 7
477 193 5
1407 900 10
29 1326 4
1373 341 6
743 1423 11
1240 1602 11
1198 1297 10
1693 1674 7
885 68 8
1390 505 6
16 202 8
930 1165 10
1540 244 4
869 1297 7
1289 5 11
1664 1198 11
1544 595 15
243 912 8
757 497 10
1281 1088 5
985 926 11
1083 688 15
1029 1117 10
187 1157 4
1253 1237 4
1025 65 5
711 1127 8
130 884 6
35 1339 9
71 1251 5
1207 795 10
1454 1471 20
127 1456 6
437 1566 6
126 1117 10
617 1599 8
863 305 7
953 984 7
278 1003 7
1014 1425 8
912 658 7
1462 972 8
1384 1184 4
1389 1601 8
533 870 8
1635 218 10
553 828 5
516 737 11
943 342 4
1243 6 6
1407 1515 6
405 738 10
52 1057 6
954 1008 11
1533 333 7
1669 28 6
236 718 11
1565 1617 6
192 1251 4
1174 335 4
1486 1724 10
621 712 20
1017 539 15
467 552 9
602 1377 6
835 1541 9
1362 660 10
1416 840 6
172 167 7
625 40 8
1312 972 6
1384 274 5
385 891 6
522 1391 12
1686 548 6
54 631 10
1542 936 5
815 212 6
872 666 11
1674 712 11
1478 705 15
810 1716 10
1360 699 11
26 544 5
310 1033 9
652 1111 26
1065 615 20
1733 268 4
992 750 17
1392 177 8
1279 901 4
906 686 7
328 249 15
622 832 6
160 1674 8
395 81 6
920 700 10
208 583 4
1382 281 7
609 678 8
389 1095 4
754 1585 7
50 1081 7
1255 1339 6
492 373 8
1059 950 6
671 502 10
669 1560 9
588 1322 10
368 841 16
176 1357 11
135 1037 10
1367 572 8
1570 812 15
1565 1157 5
326 238 6
86 868 28
1246 178 8
217 518 6
1142 937 11
467 1569 6
972 222 8
164 299 11
264 189 7
1554 518 7
703 65 6
661 73 12
708 191 6
754 40 6
1653 1215 7
1436 883 8
905 369 6
1717 1233 9
1228 1096 4
70 676 8
667 286 6
924 971 10
449 1534 10
839 954 15
39 312 7
322 1150 8
1356 745 8
401 1530 6
702 416 10
796 1168 8
886 83 7
969 101 4
810 1491 8
1294 720 10
190 1133 15
1111 1424 12
246 245 6
77 582 6
597 377 8
1121 344 7
1267 375 8
1015 342 7
1298 1322 9
230 201 8
1048 1697 12
763 1358 12
894 793 24
1120 1532 18
945 692 8
676 741 7
1596 1262 11
1601 514 7
215 60 18
1186 1668 12
966 1432 6
62 236 6
1623 646 9
1455 5 12
1014 389 8
1323 265 6
1567 949 24
640 1369 10
1560 1699 24
1061 438 8
473 1608 7
423 1154 11
886 704 12
1071 501 6
368 1437 7
30 487 6
115 326 6
1341 1474 7
1352 20 26
1075 180 9
450 126 28
177 114 8
75 291 8
767 529 11
604 699 10
942 1341 10
24 564 15
861 1088 6
4 1006 11
263 114 6
1554 330 7
1084 773 11
574 762 9
463 435 8
709 478 8
303 869 16
1293 1006 7
18 1421 8
758 1105 11
1309 430 8
922 13 5
1594 297 7
388 1610 19
118 167 4
713 911 6
1024 797 11
1045 1242 26
1528 1398 6
1458 101 4
71 1064 8
580 1138 8
1575 962 10
907 1448 4
571 179 11
134 1003 4
1513 318 5
1700 1094 6
1390 544 8
388 434 8
1385 1314 15
514 1582 4
1660 1523 6
3 290 9
1710 825 10
506 702 6
1098 1738 11
833 264 24
190 765 6
1134 1598 8
139 642 6
1348 223 9
1577 997 7
422 1675 8
913 369 6
1725 1594 4
1586 635 6
1387 589 4
1061 284 8
310 1670 12
1460 1352 8
676 1603 9
421 894 9
371 1309 12
1032 1129 9
57 1063 10
491 811 6
204 215 4
357 1534 10
1009 682 11
34 1338 7
1482 658 8
1005 1100 15
579 639 9
18 189 11
402 583 6
1459 1690 9
928 860 6
1435 1218 12
296 55 12
663 1247 8
37 1482 6
1462 984 7
1101 51 8
1178 255 5
421 1231 10
1054 481 6
425 91 11
558 1534 7
35 1255 10
1549 1199 4
1009 1660 12
920 727 6
576 277 10
999 423 15
846 199 8
41 1468 4
1078 1175 6
1668 1671 7
61 1325 19
129 297 6
588 406 8
1613 1291 9
749 1125 8
1308 179 8
1392 1031 4
138 988 4
672 1150 8
648 736 9
277 1604 7
1426 170 10
1233 562 8
319 1359 10
387 362 4
1049 71 6
385 107 7
992 1052 5
864 1456 6
180 882 6
995 50 8
1673 834 4
123 1470 8
834 1667 7
1345 349 9
1104 197 8
692 1222 7
983 68 7
14 954 11
993 170 7
1385 856 9
793 1450 7
1045 442 10
436 531 5
688 269 20
1507 1278 6
567 1339 9
230 424 11
271 458 6
1163 1713 6
519 817 9
721 536 7
1419 1505 11
174 1712 4
1605 40 8
350 1109 6
663 533 11
696 1405 8
553 397 5
177 153 8
87 1567 26
858 1662 7
1536 1633 6
31 111 11
1557 1165 10
537 530 6
1391 185 19
1702 111 15
1155 1301 6
249 239 11
325 1233 6
367 369 6
1199 781 4
1443 1455 9
1014 249 8
98 571 8
684 1263 29
1670 887 8
324 65 6
106 133 28
1570 609 8
1170 854 12
11 510 6
1207 1649 9
999 1199 4
289 40 8
1719 1084 7
1507 1019 4
354 588 11
1502 812 8
374 517 5
312 445 6
1289 1677 9
951 1184 8
368 475 7
151 680 19
24 1702 5
11 1189 4
1083 1050 15
701 1322 12
1691 480 10
834 1166 6
1497 633 10
298 1660 17
347 922 8
1184 1462 8
1335 215 5
97 1583 8
1520 739 4
936 1585 7
1300 819 6
1186 528 16
1511 172 8
642 759 5
424 14 8
1491 1224 26
1292 1719 11
47 405 6
58 505 7
1240 903 8
428 1074 15
495 1494 9
715 1239 10
133 395 9
1000 937 9
468 869 6
1076 316 5
243 494 6
1571 297 7
980 1583 4
1291 704 10
58 1269 8
59 968 7
184 1068 10
959 867 8
1388 214 6
937 156 8
537 172 5
447 1633 11
1590 1465 8
311 384 8
124 246 11
444 1028 6
34 1088 6
1213 83 8
1279 1684 6
145 388 12
1563 701 10
1188 799 8
292 716 6
129 350 6
1667 1181 7
92 1708 9
374 461 4
890 1305 29
1616 196 7
182 739 8
599 670 6
254 287 28
188 80 16
1424 1460 10
969 1034 4
1542 1580 8
799 1567 9
59 1340 8
1638 1595 10
801 1475 4
1489 1383 15
109 19 15
428 1084 15
526 1299 7
907 1315 4
181 777 26
987 673 8
702 949 11
303 1297 12
143 1273 10
911 926 9
258 1736 11
975 966 6
1598 1054 9
282 1501 10
30 1240 15
494 1482 6
1247 1210 8
146 307 8
599 1729 4
1366 1477 8
116 291 6
1616 174 8
906 502 12
554 1643 8
1710 825 8
945 692 10
378 982 10
224 680 4
1302 1484 9
886 115 16
1701 1322 10
1440 1546 11
1466 565 8
70 1188 7
454 424 6
501 985 11
1223 1675 6
1633 732 10
1021 927 9
736 419 12
1418 83 11
1183 993 7
1531 42 8
80 762 9
498 453 12
1506 517 8
657 82 8
647 727 10
742 167 7
981 17 6
887 898 10
1077 1085 6
848 844 12
1722 1130 11
389 531 4
908 772 6
386 962 8
1473 305 8
939 1049 7
803 8 7
767 957 8
11 763 15
1555 109 26
628 302 6
359 1607 9
656 1130 11
766 1222 6
1384 1249 6
1111 1404 8
1551 1327 5
1445 100 7
646 309 12
1104 1712 5
681 711 11
1622 1187 24
765 331 6
1607 1466 6
267 1713 7
1030 628 4
677 976 6
487 462 6
1152 77 8
1022 555 12
1485 336 9
1518 1577 10
816 991 9
1449 1098 11
1726 241 8
1576 1057 6
434 1409 17
881 727 6
1197 782 11
1256 392 10
1116 437 7
715 639 10
419 1244 11
460 1291 11
1197 1609 10
1349 1022 26
1261 1023 9
960 511 10
1343 429 10
895 33 6
1627 686 10
948 414 8
630 90 12
237 857 11
977 1508 8
1724 602 10
772 994 11
1503 925 6
1644 841 6
839 1405 15
1653 1629 15
86 944 11
391 1326 4
1244 892 8
1551 901 6
410 451 6
1188 221 4
921 1577 9
1105 1501 11
1031 154 8
450 23 11
651 1501 12
147 1336 10
1347 279 5
1124 1592 12
1254 88 6
1557 460 10
859 744 12
1191 557 10
1390 278 8
1246 1175 8
408 178 8
196 1166 6
139 412 6
499 753 10
319 500 11
1378 505 8
1193 822 12
1030 1685 5
96 637 8
963 1608 11
1392 1700 5
1102 1409 8
1429 1663 15
619 669 6
1477 1654 11
732 1301 6
1587 755 8
780 219 6
324 471 6
1077 329 7
757 746 10
322 1088 8
255 451 5
1281 229 4
1275 606 8
445 135 11
1569 504 6
1114 816 12
1028 1099 28
779 551 11
969 1700 14
1001 339 4
1593 67 11
1605 1139 7
1267 590 4
1027 369 4
832 984 4
1072 1063 7
246 1072 10
1352 853 10
1146 1450 11
1044 783 4
275 662 12
166 1671 10
82 509 6
1726 531 7
1366 1156 15
1443 1407 9
1719 117 12
879 197 8
99 904 16
262 1467 8
209 258 15
825 560 7
874 833 8
1547 317 6
1342 385 6
289 1594 5
951 335 8
355 1155 17
174 1673 8
171 738 12
1634 1350 5
200 1252 8
631 1306 7
398 854 11
713 113 6
358 1284 10
113 501 8
176 1299 8
517 728 7
235 965 20
1236 1186 8
1452 893 6
105 1068 6
413 1507 5
76 989 10
1022 1311 15
1372 399 10
1206 585 10
250 1273 7
714 593 7
805 1120 4
328 1064 4
707 1543 6
1509 1564 5
55 998 12
935 391 6
652 1562 6
1367 956 7
539 1071 7
1690 932 6
1112 495 7
640 1396 10
1232 1318 9
539 125 11
454 1572 10
287 804 10
136 1554 7
1250 1482 11
1482 569 10
422 1637 12
1648 1327 4
755 1047 6
41 377 7
740 647 6
1156 1487 10
137 1224 8
1733 119 6
103 114 7
911 1070 28
308 496 6
1257 1350 10
293 963 6
1726 929 8
436 1304 5
275 1518 15
1208 277 7
839 695 4
1490 227 10
981 155 10
478 1154 9
374 1506 6
426 661 9
1344 1449 8
417 531 6
1098 1668 10
839 1059 6
1550 1343 11
316 970 4
511 1533 12
102 161 29
552 351 24
1329 611 5
378 280 8
25 65 8
55 1158 8
1241 210 19
796 1127 8
1512 987 6
282 702 6
1238 682 12
630 979 8
1405 1396 8
8 26 4
449 1677 9
910 818 8
1422 690 4
1738 552 8
1343 1234 12
616 473 24
210 1374 7
1299 1240 11
915 129 6
848 560 8
539 826 9
1565 1659 7
190 1338 4
567 1377 9
975 514 4
18 1164 12
1639 638 9
969 1071 8
1657 148 12
900 1252 7
1602 918 8
670 1579 7
1575 1396 9
1397 1412 7
1354 880 10
1215 1667 5
645 364 9
438 485 8
1736 747 12
299 1450 12
1005 1292 15
419 1529 8
1405 158 10
30 1505 15
1316 570 15
557 730 10
931 1220 4
603 1054 6
1440 1313 6
765 302 6
1427 861 6
1702 1098 15
1074 726 7
1228 650 6
1088 85 7
1725 479 7
706 1120 4
674 565 17
1327 901 8
758 1334 9
1645 964 12
1035 550 8
1354 31 8
600 790 8
213 1493 7
1386 1733 8
627 1086 26
648 1627 12
1242 185 24
1423 1224 9
880 560 6
655 1735 8
40 917 7
851 194 28
1581 579 29
244 350 6
1543 1636 6
1012 1350 8
1445 1094 5
758 964 11
911 66 11
360 1488 6
207 27 10
413 1371 15
1645 1533 10
104 716 9
790 28 4
1500 1301 8
1682 1676 5
115 1428 9
825 31 7
121 1136 5
339 324 7
1547 52 10
56 601 10
707 675 7
219 305 11
598 20 8
177 681 7
1377 1153 8
1225 496 5
1287 672 6
1505 429 10
1391 306 8
131 867 9
201 1353 8
195 100 6
1518 1058 10
1368 1612 11
1182 971 12
1440 45 8
666 92 11
1499 1373 8
532 365 8
1134 1608 11
1570 247 12
16 488 11
651 1105 8
410 545 5
1178 811 4
696 423 8
1265 758 8
272 1448 6
106 533 11
691 908 6
86 127 9
1703 233 4
93 198 4
1539 1073 6
45 1292 11
951 461 7
1311 401 10
268 193 7
424 715 10
967 1244 12
409 478 6
1207 232 6
1551 418 4
1249 953 4
1491 1282 10
286 13 8
1480 722 5
430 962 6
469 886 8
391 1019 8
1289 273 9
1624 1 6
1382 794 12
411 396 12
1663 1595 11
1224 581 24
332 1442 6
987 218 6
63 1690 11
532 1379 7
145 406 9
72 385 16
1215 1423 15
70 734 8
216 739 5
65 462 7
80 1201 6
885 327 12
294 1576 8
827 277 9
1689 565 8
428 252 7
666 1297 10
437 278 8
1719 1129 9
1114 909 9
129 1203 4
460 22 8
1262 1223 6
1427 85 6
1277 619 9
1488 755 6
624 1492 12
717 1013 6
1588 1007 8
407 771 10
1706 1401 11
1181 879 7
466 432 7
1717 1346 28
627 2 6
484 361 12
623 993 9
951 1120 5
90 613 19
324 563 7
1187 66 7
1634 300 4
1024 581 19
329 318 4
1384 1159 15
882 1633 6
947 310 29
352 591 6
1457 883 9
1083 1508 15
138 1078 7
742 1458 8
1128 797 11
1263 475 10
144 1306 12
1520 1119 7
877 87 15
866 685 7
599 791 6
938 210 24
138 595 8
890 275 26
578 914 9
803 866 4
3 1273 11
370 1160 8
1253 418 6
1245 145 29
966 1493 5
1340 776 6
550 752 11
596 1170 11
1650 465 6
513 851 8
675 875 7
710 1594 8
783 510 4
915 97 7
1739 1276 4
1080 548 16
151 122 8
426 1686 9
372 486 8
1454 649 7
860 325 6
1731 22 8
1554 369 4
526 993 12
1324 790 17
1330 946 6
988 1739 4
641 1161 24
586 248 6
372 589 8
675 828 4
1198 149 6
1633 725 8
466 65 6
668 1344 6
421 1363 7
1188 624 8
1361 941 4
1030 961 15
1174 972 5
984 689 6
545 591 8
1410 1383 11
1639 1029 10
655 990 7
1720 1409 8
774 408 6
1734 525 7
961 1055 11
806 34 5
839 1237 4
1340 435 4
978 348 8
1458 1599 4
925 828 8
922 121 8
287 698 9
428 12 15
1215 209 5
600 1634 7
131 429 7
206 1510 6
1709 477 7
1095 1448 8
1125 1425 11
1215 834 6
455 197 7
1643 1640 8
91 1419 8
1230 1309 11
1529 290 9
611 446 5
266 183 9
550 1546 19
847 131 6
775 1089 6
262 1260 4
772 946 8
1493 220 7
911 457 11
820 1079 6
195 554 7
1664 317 6
1641 996 6
1462 517 4
851 73 11
861 53 7
107 603 7
1498 794 7
668 656 6
1290 41 8
1078 988 4
803 278 5
1195 251 9
1110 350 8
1053 398 12
189 1164 8
1686 1080 8
47 1037 7
683 1246 4
1709 365 6
1211 1091 6
814 234 8
60 1020 4
1453 1446 10
382 461 5
344 1192 4
1042 1622 9
873 46 6
977 975 7
1596 1112 8
1203 316 4
1447 1721 12
161 1696 8
1694 451 8
323 1138 8
144 631 12
165 894 8
1659 187 6
150 1062 8
1135 1656 8
102 1248 6
848 1336 7
1548 791 4
1532 1085 4
1093 1477 12
202 489 7
932 1444 8
876 985 8
23 971 11
1346 860 9
1370 1160 12
1607 66 12
1580 799 11
1131 1299 6
826 849 7
297 40 8
1714 188 10
340 1722 12
356 1094 18
547 215 4
1589 968 8
1392 985 8
229 302 8
1362 660 8
1670 944 11
366 380 7
1221 1573 7
1717 860 9
1325 5 7
18 264 19
1586 107 10
841 515 9
645 1713 10
1173 10 8
271 406 10
1416 377 6
1183 108 10
1240 315 11
821 1046 7
924 720 7
1133 1180 11
1701 1720 12
1570 1723 9
1351 1564 4
511 173 7
635 334 8
400 1354 6
975 574 8
1286 524 10
405 264 11
1489 1606 6
865 976 10
459 1020 4
1199 347 8
1022 1525 9
492 214 6
794 373 6
306 586 17
315 918 9
1103 598 6
638 1530 6
837 1483 10
1488 1350 6
299 1363 10
80 896 10
141 1402 10
440 895 11
594 1464 5
366 446 6
743 1205 10
1031 1094 4
1610 1720 7
981 155 8
466 462 8
1528 1531 26
645 1146 12
1359 475 6
708 1167 11
1254 119 4
83 1433 11
1285 799 8
1166 1672 6
1386 307 5
97 283 8
1625 959 8
