2090 5732 30
1378 948 344 1071 1983 5 1328 1056 2070 725 1280 31 764 706 654 2028 1508 1524 518 156 1319 924 1084 1429 423 1786 1779 791 1359 1820 
1 1 1 1 1 1 1 1 1 1 1 1 1 1 1 1 1.5 1 2 1 1 1 1 1 1 1 1 1 1 1 1 1 1 1 1 1 1 1 1 1 1 1 1 1 1 1 1 1 1 1 1 1 1 1 1 1 1 1 1 1 1 1 1 1 1 1 1 1 1 1 1 1 1 1 1 1 1 1 1 1 1 1 1 1 1 1 1 1 1 1 1 1 1 1 1 1 1 1 1 1 1 1 1 1 1 1 1 1 1 1 1 1 1 1 1 1 1 1 1 1 1 1 1 1 1 1 1 1 1 1 1 1 1 1 1 1 1 1 1 1 1 1 1 1 1 1 1 1 1 1 1 1 1 1 1 1 1 1 1 1 2 1 1 1 1 1 1.5 1 1 2.5 1 1 1 1 1 1 1 1 1 1 1 1 1 1 1 1 1 1 1 1 1 1 1 1 1 1 1 1 1 1 1.5 1 1 1 1 1 1 1 1 1 1 1 1 1 1 1 1 1 1 1 1 1 1 1 1 1 1 1 1 2.5 1 1 1 1 1 1 1 1 1 1 1 1 1 1 1 1 1 1 1 1 1 1 1 1 1 1 1 1 1 1 1 1 1 1 1 1 1 1 1 1.5 1 1 1 1 1 1 1 1 1 1 1 1 1 1 1 1 1 1 1 1.5 1 1 1 1 1 1 1 1 1 1 1 1 1 1 1 1 1 1 1 1 1 1 1 1 1 1 1 1 1 1 1 1 1 1 1 1 1 1 1 1 1 1 1 1 1 1 1 1 1 1 2.5 1 1 1 1 1 1 1 1 1 1 1 1 1 1 1 1 1 1 1 1 1 1 1 1 1 1 1 1 1 1 1 1 1 1 1 1 1 1 1 1 1 1 1 1 1 1 1 1 1 1 1 2 1 1 1 1 1 1 1 1 1 1 1 1 1 1 1 1 1 1 1 1 1 1 1 1 1 1 1 1 1 1 1 1 1 1 1 1 1 1 1 1 1 1 1 1 1 1 1 1 1 1 1 1 1.5 1 1 1 1 1 1 1 1.5 1 1 1 1 1 1 1 1 1 1 1 1 1 1 1 1 1 1 1 1 1 1 1 1 1 1 1 1 1 1 1 1 1 1 1 1 1 1 1 1 1 1 1 1 1 1 1 1 1 1 1 1 1 1 1 1 1 1 1 1 1 1 1 1 1 1 1 1 1 1 1 1 1 1 1 1 1 1 1 1 1 1 1 1 1 1 1 1 1 1 1 1 1 1 1 1 1 1 1 1 1 1 1 1 1 1 1 1 1 1 1 1 1 1 1 1 1 1 1 1 1 1 1 1 1 1 1 1 1 1 1 1 1 1 1 1 1 2 1 1 1 1 1 1 1 1 1 1 1 1 1 1 1 1 1 1 1 1 1 1 1 1 1 1 1 1 1 1 1 1 1 1 1 1 1 1 1 1 1 1 1 1 1 1 1 1 1 1 1.5 1 1 1.5 1 1 1 1 1 1 1 1 1 1 1 1 1 1 1 1 1 1 1 1 1 1 1 2 1 1 1 1 1 1 1 1 1 1 1 1 1 1 1 1 1 1 1 1 1 1 1 1 1 1 1 1 1 1 1 1 1 1 1 1 1 1 1 1 1 1 1 1 1 1 1 1 1 1 1 1 1 1 1 1 1 1 1 1 1 1 1 1 1 1 1 1 1 1 1 1 1 1 1 1 1 1 1 1 1 1 1 1 1 1 1 1 1 1 1 1 1 1 1 1 1 1 1 1 1 1 1 1 1 1 1 1 1 1 1 1 1 1 1 1 1 1 1 2 1 1 1 1 1 1 1 1 1 1 1 1 1 1 1 1 1 1 1 1 1 1 1 1 1 1 1 1 1 1 1 1 1 1 1 1 1 1 1 1 1 1 1 1 1 1 1 1 1 1 1 1 2.5 1 1 1 1 1 1 1 1 1 1 1 1 1 1 1 1 1 1 1 1 1 1 1 1 1 1 1 1 1 1 1 1 1 1 1 1 1 1 1 1 1 1 1 1 1 1 1 1 1 1 1 1 1.5 1 1 1 1 1 1 1 1 1 1 1 1 1 1 1 1 1 1 1 1 1 1 1 1 1 1 1 1 1 1 1 1 1 1 1 1 1 1 1 1 1 1 1 1 1 1 1 1 1 1 1 1 1 1 1 1 1 1 1 1 1 1 1 1 1 1 1 1 1 1 1 1 1 1 1 1 1 1 1 1 1 1 1 1 1 1 1 1 1 1 1 1 1 1 1 1 1 1 1 1 1 1 1 1 1 1 1 1 1 1 1 1 1 1 1 1 1 1 1 1 1 1 1 1 1 1 1 1 1 1 1 1 1 1 1 1 1 1 1 1 1 1 1 1 1 1 1 1 1 1 1 1 1 1 1 1 1 1 1 1 1 1 1 1 1 1 1 1 1 1 1 1 1 1 1 1 1 1 1 1 1 1 1 1 1 1 1 1 1 1 1 1 1 1 1 1 1 1 1 1 1 1 1 1 1 1 1 1 1 1 1 1 1 1 1 1 1 1 1 1 1 1 1 1 1 1 1 1 1 1 1 1 1 1 1 1 1 1 1 1 1 1 1 1 1 1 1 1 1 1 1 1 1 1 1 1 1 1 1 1 1 1 1 1 1 1 1 1 1 1 1 1 1 1 1 1 1 1 1 1 1 1 1 1 1 1 1 1 1 1 1 1 1 1 1 1 1 1 1 1 1 2 1 1 1 1 1 1 1 1 1 1 1 1 1 1 1 1 1 1 1 1 1 1 1 1 1 1 1 1 1 1 1 1 1 1 1 1 1 1 1 1 1 1 1 1 1 1 1 1 1 1 1 1.5 1 1 1 1 1 1 1 1 1 1 1 1 1 2 1 1 1 1 1 1 1 1 3 1 1 1 1 1 1 1 1 1 1 1 1 1 1 1 1 1 1 1 1 1 1 1 1 1 1 1 1 1 1 1 1 1 1 1 1 1 1 1 1 1 1 1 1 1 1 1 1 1 1 1 3 1 1 1 1 1 1 1 1 1 1 1 1.5 1 1 1 1 1 1 1 1.5 1 1 1 1 1 1 1 1 1 1 1 1 1 1 1 1 1 1 1 1 1 1 1 1 1 1 1 1 1 1 1 1 1 1 1 1 1 1 1 1 1 1 1 1 1 1 1 1 1 1 1 1 1 1 1 1.5 1 1 1 1 1 1 1 1 2 1 1 1 1.5 1 1 1 1 1 1 1 1 1 1 1 1 1 1 1 1 1 1 1 1 1 1 1 1 1 1 1 1 1 1 1 1 1 1 1 1 1 1 1 1 1 1 1 1 1 1 1 1 1 1 1 1 1 1 1 1 1 1 1 1 1 1 1 1 1 1 1 1 1 1 1 1 1 1 1 1 1 1 1 1 1 1 1 1 1 1 1 1 1 1 1 1 1 1 1 1 1 1 1 1 1 1 1 1 1 1 1 1 1 1 1 1 1 1 1 1 1 1 1 1 1 1 1 1 1 1 1 1 1 1 1 1 1 1 1 1 1 1 1 1 1 1 1 1.5 1 1 1 1 1 1 1 2 1 1 1 1 1 1 1 1 1 1 1 1 1 1 1 1 1 1 1 1 1 1 1 1 1 1 1 1 1 1 1 1 1 1 1 1 1 1 1 1 1 1 1 1 1 1 1 1 1 1 1 1 1 1 1 1 1 1 1 1 1 1 1 1 1 1 1 1 1 1 1 1 1 1 1 1 1 1 1 1.5 1 1 1 1 1.5 1 1 1 1 1 1 1 1 1 1 1 1 1 1 1 1 1 1 1 1 1 1 1 1 1 1 1 1 1 1 1 1 1 1 1 1 1 1 1.5 1 1 1 1 1 1 1 1 1 1 1 1 1 1 1 1 1 1 1 1 1 1 1 1 1 1 1 1 1 1 1 1 1 1 1 1 1 1 1 1 1 1 1 1 1 1 1 1 1 1 1 1 1 1 1 1 1 1 1 1 1 1 1 1 1 1 1 1 1 1 1 1 1 1 1 1 1 1 1 1 1 1 1 1 1 1 1 1 1 1 1 1 1 1 1 1 1 1 1 1 1 1 1 1 1 1 1 1 1 1 1 1 1 1 1 1 1 1 1 1 1 1 1 1 1 1 1 1 1 1 1 1 1 1 1 1 1 1 1 1 1 1 1 1 1 1 1 1 1 1 1 1 1 1 1 1 1 1 1 1 1 1 1 1 1 1 1 1 1 1 1 1 1 1 1 1 1 1 1 1 1 1 1 1 1 1 1 1 1 1 1 1 1 1 1 1 1 1 1 1 1 1 1 1 1 1 1 1 1 1 1 1 1 1 1 1 1 1 1 1 1 1 1 1 1 1 1 1 1 1 1 1 1 1 1 1 1 1 1 1 1 1 1 1 1 1 1 1 1 1 1 1 1 1 1 1 1 1 1 1 1 1 1 1 1 1 1 1 1 1 1 1 1 1 1 1 1 1 1 1 1 1 1 1 1 1 1 1 1 1 1 1 1 1 1 1 1 1 1 1 1 1 1 1 1 1 1 1 1 1 1 1.5 1 1 1 1 1 1 1 1 1 1 1 1 1 1 1 1 1 1 1 1 1 1 1 1 1 1 1 1 1 1 1 1 1 1 1 1 1 1 1 1 1 1 1 1 1 1 1 1 1 1 1 1 1 1 1 1 1 1 1 1 1 1 1 1 1 1 1 1 1 1 1 1 1 1 1 1 1 1 1 1 1 1 1 1 1 1 1 1 
2049 926 8
1036 353 8
640 144 12
1406 734 12
741 1912 7
734 1261 20
318 381 10
1149 617 7
544 1217 8
732 1454 20
1973 633 8
577 945 4
566 641 15
1249 1259 30
773 496 8
2065 1308 7
1998 835 5
1846 1875 4
913 1715 8
373 137 8
318 1059 6
1755 104 10
190 101 11
2077 73 4
1010 1091 12
945 1992 5
911 971 12
2028 1294 10
1759 188 6
1386 1658 12
286 1085 7
1919 1139 9
1551 1339 12
940 1987 27
1820 1161 10
970 1838 10
710 1465 6
308 692 6
623 687 7
1867 363 7
1407 80 10
887 142 6
1007 1376 7
264 16 8
86 521 12
121 18 12
1959 2001 12
890 516 6
772 1506 15
47 62 10
1583 1352 7
846 1484 7
1243 242 7
1746 519 10
1303 159 7
1558 957 7
912 641 10
1310 1736 10
1605 1818 5
1433 325 9
1247 1814 12
1020 1663 4
303 300 19
1922 1338 6
1373 263 8
890 1525 30
319 1143 12
1319 284 12
1623 1043 4
570 1957 10
219 1655 24
846 815 7
726 440 8
912 589 12
402 2041 6
899 1860 12
1313 505 7
1958 124 27
877 911 6
1135 771 7
503 871 10
783 165 7
1089 675 4
785 853 12
1530 557 19
2033 1470 12
1838 124 19
872 432 7
1269 316 27
265 152 13
507 387 5
2021 1323 8
583 1448 7
948 1324 11
641 1528 8
869 873 12
569 1521 12
506 2074 4
1968 264 8
1555 1566 6
1383 1312 8
1647 1095 15
1370 546 10
681 721 7
1983 1211 10
1777 1348 12
714 865 6
1996 1731 7
869 1829 10
1873 2085 9
1254 1877 8
70 686 7
1629 609 12
2059 1134 6
364 1484 9
1657 1043 5
970 2073 7
1102 412 10
1041 65 12
1775 2078 10
1751 878 8
1650 1290 7
1522 1031 11
838 1059 6
1993 1195 28
814 1612 11
1047 1975 4
1152 383 6
722 1706 7
359 1067 8
809 1583 7
186 799 11
1146 1650 7
2033 1173 8
1399 613 8
1688 4 5
632 1085 12
375 1640 7
1947 1716 11
1918 1244 5
125 1557 9
883 1171 12
1271 1069 5
191 1694 4
317 1015 12
961 441 4
1617 451 7
450 39 6
1378 890 12
1813 180 6
833 694 27
97 1295 6
453 26 6
928 1725 5
1647 1664 7
316 810 11
1080 234 7
558 1037 30
2019 1775 6
1862 572 15
389 1196 10
147 880 10
1816 1881 12
941 1724 4
58 469 7
1728 389 18
1618 96 7
1097 847 28
75 1952 7
208 111 27
1968 16 5
1631 1994 12
1930 438 24
1581 1426 9
254 699 12
470 78 11
1076 1911 12
1823 1496 20
191 613 8
1466 1611 4
1467 927 8
1983 154 30
508 1202 12
435 1397 27
1016 633 7
2084 1735 12
1809 410 5
1542 1520 9
1488 1316 12
1718 1588 11
1776 142 8
1637 343 20
893 1974 12
1625 1407 12
1489 1609 9
1671 1028 11
120 1186 12
327 829 11
1469 438 7
379 840 7
1143 1381 12
2004 110 19
1359 338 10
1615 439 6
1053 529 7
548 1636 11
1925 916 20
179 328 29
917 2089 7
1200 951 11
1844 190 20
1292 1709 5
1321 1060 7
195 653 7
254 1895 8
886 831 7
1959 1702 12
1036 1493 8
1854 611 29
325 30 6
499 1302 4
1190 1960 4
833 88 11
1517 546 7
1199 601 7
442 1639 7
1555 354 6
713 1084 7
435 947 28
620 1405 8
1159 1413 4
109 145 4
618 1510 7
15 1011 10
1431 613 12
118 3 12
276 1607 6
1548 386 8
1411 181 9
979 1647 4
574 711 5
2063 1736 9
133 1755 7
1840 208 15
598 1477 12
502 1520 7
530 1840 4
964 1850 12
340 1078 9
1809 1066 7
1882 1564 9
20 1045 20
261 1963 27
1085 1930 9
1066 1401 6
329 1451 7
705 690 10
1109 173 20
1629 1716 29
49 317 20
1885 942 12
128 234 10
1361 737 7
936 514 15
33 1202 24
247 705 20
612 17 8
749 715 6
877 448 9
903 935 4
916 1330 12
956 689 16
950 1958 15
1323 843 7
979 763 15
1833 731 8
44 2078 6
947 1630 11
1329 1512 6
1607 2046 7
1780 760 18
1817 1711 12
1319 2061 30
872 1238 27
584 2069 11
837 1390 11
1170 615 9
2080 256 8
981 292 8
630 163 23
99 1021 9
1009 920 6
552 250 6
1342 617 8
1765 440 7
1254 1271 7
922 556 12
844 1979 6
1101 476 4
1358 1100 10
718 1892 11
1155 260 7
682 453 5
1447 1572 4
1272 1799 18
294 1816 10
783 1432 11
1853 1118 8
410 1865 4
742 965 6
1367 1250 5
1551 471 7
11 1060 12
81 1578 7
491 991 12
967 159 6
1209 756 8
1943 1268 7
174 673 28
623 1452 6
687 187 9
138 1537 9
54 1582 4
471 775 11
940 1736 7
1969 1829 11
1944 614 6
992 248 20
1258 1949 24
1805 2042 11
143 394 7
568 1962 12
241 98 10
1545 454 6
744 1836 11
858 1989 12
1124 629 12
1051 815 6
889 2085 12
1642 2045 29
301 1194 5
1894 184 12
498 1330 8
214 1047 6
1580 1788 13
1615 905 28
471 1799 10
1151 2035 4
950 1988 5
1811 1340 27
882 1474 12
109 1586 4
366 1347 12
1320 1939 15
1395 442 6
334 1454 6
2026 451 12
812 1504 6
1515 87 11
1148 1263 6
1506 1670 10
1331 1868 7
1374 465 10
1392 21 5
1098 2006 7
1845 132 8
776 765 12
491 135 10
720 28 6
1246 2068 10
72 604 6
691 613 11
1820 875 12
933 1879 8
982 633 9
838 1860 8
1252 565 11
592 1055 8
326 1143 7
51 1281 11
303 502 10
171 438 10
214 1 15
337 301 4
532 34 4
859 1856 8
1036 1341 7
1557 1892 9
497 1474 7
375 1493 28
1351 971 19
848 1213 8
410 1088 4
1508 1259 11
1203 1556 11
1683 423 7
76 1075 7
1966 1418 6
1050 1197 10
591 1192 18
1787 269 12
1995 1321 12
325 451 9
492 1337 5
1433 1060 12
704 125 9
1041 1735 12
1701 1972 10
1839 1396 6
338 2 11
1017 2066 30
1834 817 4
1654 403 8
1423 68 7
385 800 16
1540 1059 10
253 1814 7
1553 1634 4
1596 18 10
141 1640 12
1207 836 11
792 1974 7
938 1368 8
1282 836 8
1139 1880 12
630 140 12
152 1961 4
1770 1414 8
2042 769 9
856 710 9
1160 275 7
1003 1102 11
2071 1104 7
1217 1913 8
1326 10 7
984 718 24
23 183 7
1813 1749 6
1185 1556 10
1897 1630 16
211 1450 6
712 1324 30
1122 1358 30
708 1034 10
1496 1556 12
464 782 7
507 1918 5
1283 446 7
668 269 11
1523 1552 27
571 2047 9
358 1032 8
326 921 12
1383 225 7
1183 663 7
444 605 5
54 95 5
619 159 8
684 453 5
846 1376 12
2060 218 6
564 291 12
1788 1190 4
1987 1039 6
754 246 4
1885 1197 6
8 1825 10
2071 1401 5
1417 1088 8
387 1651 7
1371 1005 10
870 608 8
1280 2026 10
1438 751 6
1973 1949 7
248 1999 10
2051 1316 6
1694 1316 8
1108 783 15
541 396 11
998 1177 10
226 1164 6
469 1118 4
579 1060 11
2004 1767 12
719 1288 11
284 1025 6
1167 632 23
1028 881 10
1704 256 12
1439 692 6
1019 198 9
2042 1528 10
495 1024 10
1931 244 13
624 278 6
1233 1880 24
772 1468 15
2040 1608 4
1575 1369 28
1576 1338 6
1622 219 12
685 1211 7
1247 880 7
1184 2047 7
2051 1472 12
1659 96 12
830 19 7
1336 1117 4
2029 1243 7
46 1681 6
1811 416 7
2074 1268 4
394 2088 11
415 1226 26
632 651 10
729 120 9
2064 1947 8
1000 204 28
1185 135 12
423 739 30
816 1006 7
261 2063 11
2034 1663 4
25 565 12
1588 1850 10
1992 1936 5
707 921 19
807 1206 11
1822 891 6
1262 1566 7
162 327 15
406 631 4
1128 701 4
1029 2051 19
704 504 12
621 1521 9
178 902 11
1518 1256 28
279 846 10
1893 843 8
1138 1143 9
1211 1260 12
252 1630 10
1130 256 9
1248 728 7
610 1370 30
532 19 4
1507 1272 12
611 157 9
545 706 7
566 1941 6
1815 843 5
1144 1149 5
1442 924 7
936 928 7
1624 1039 6
368 436 5
924 1495 30
1469 805 7
910 1609 12
1956 497 10
1341 843 4
546 1368 11
6 1648 7
1978 832 4
42 1877 5
441 170 5
2083 1912 8
600 1050 6
1870 54 5
158 1906 12
1870 849 7
988 43 5
1017 304 9
1513 1569 12
1018 1220 12
5 786 30
81 1690 5
501 1107 8
1923 671 6
1011 1500 10
2006 1325 7
774 1356 8
1008 1104 5
608 146 20
214 278 20
1642 1731 10
733 1416 10
1829 184 19
500 882 27
1240 1280 7
330 2064 12
447 734 10
178 807 7
1284 782 5
280 2080 8
1264 1440 8
1468 1698 10
292 1142 5
1289 2048 12
1068 1400 27
134 1721 5
1383 456 5
902 1806 26
482 471 23
447 1609 12
587 1776 7
1181 135 12
204 800 11
929 1639 8
240 50 11
1996 375 10
831 986 12
1840 1518 15
618 208 10
728 2038 12
1339 52 8
48 1023 6
1598 1884 8
281 419 12
1751 2077 8
1945 1229 7
918 1260 8
1115 222 29
950 337 6
1299 866 5
851 188 7
1194 1765 4
1820 232 11
861 1549 11
715 974 7
130 121 12
549 788 27
1106 1761 10
531 709 7
1097 1527 6
1639 1832 8
542 206 10
1703 1800 7
1796 849 4
473 362 4
2033 634 7
1625 1010 12
396 581 11
1798 1453 7
1112 1466 6
1695 93 6
1054 1796 6
1691 386 4
1106 1592 12
83 1409 12
2036 1010 26
1139 1126 9
1525 1675 29
1805 1985 10
1492 1788 6
331 1556 12
83 1310 12
76 167 5
989 160 8
1923 1775 8
478 1911 12
1681 168 8
34 19 7
870 1787 6
1826 608 9
1665 476 7
1568 565 19
852 899 12
473 993 4
588 332 7
35 1200 9
1133 1519 10
948 757 30
1694 1419 8
664 1532 8
1572 1075 5
272 108 27
1643 1317 9
2084 330 27
439 846 28
1806 1609 12
100 1540 9
439 1376 10
1641 371 12
614 1136 9
738 1008 5
1608 1796 6
959 628 8
191 1131 8
1866 701 4
1309 1435 8
776 2048 11
878 1012 8
1510 606 12
736 1016 8
1788 1464 4
1541 1042 7
925 1284 8
1905 188 7
1531 733 27
800 553 19
1752 1431 10
1834 1778 4
1648 312 6
108 921 11
1509 796 5
206 1024 6
180 432 9
1426 416 12
1341 441 8
427 2007 8
78 1682 9
1037 1040 10
2038 1248 10
1016 240 28
1487 310 4
729 41 12
1901 1942 12
1021 1311 27
745 1061 4
248 1868 11
512 754 6
272 1143 12
499 2057 7
208 806 28
874 1289 7
53 1551 10
965 1689 28
1660 2036 11
501 1302 7
183 1516 8
27 985 4
1380 665 15
1245 1236 11
820 2064 7
1880 1330 11
2020 181 7
1894 1317 10
549 1432 8
1587 1058 12
41 59 9
902 1406 20
1164 1619 10
1882 949 6
1274 1278 8
278 655 6
406 1884 6
891 915 6
224 1086 11
1783 804 12
878 485 7
1488 452 7
467 681 10
1707 1243 7
1417 145 8
809 246 13
1129 1598 6
2073 213 12
937 469 5
1372 454 6
1088 527 6
1749 1062 12
1708 306 8
1914 542 12
114 144 12
305 1797 4
2042 1013 7
313 1050 9
53 816 10
1562 727 12
1408 630 6
1333 427 10
444 1797 7
1608 392 5
535 832 5
1340 179 30
468 169 8
407 1162 30
905 1172 6
1878 1786 7
1199 707 8
82 1245 12
1486 585 11
419 1568 10
406 819 4
1475 1447 7
1520 1984 6
330 609 11
883 551 11
2051 1444 6
1434 1766 12
368 1435 8
967 826 5
864 236 8
1310 1628 28
92 1849 12
986 2063 6
179 1900 11
1366 1884 5
481 1904 5
517 363 6
1040 496 11
585 452 8
814 1927 7
598 1595 7
318 1521 10
691 689 8
173 455 10
1079 247 11
1192 1316 10
1982 409 11
1606 1640 12
482 1967 12
211 1609 10
877 1091 7
1060 1594 9
1565 1006 11
1791 2072 7
867 1706 8
737 1571 7
625 2068 8
53 482 19
696 274 11
916 1491 11
735 1899 10
805 85 12
562 1686 10
616 146 10
1988 440 4
256 721 6
874 712 27
197 1547 12
595 755 12
1328 852 10
720 1509 5
1155 67 4
587 1104 5
1831 919 7
35 64 6
419 942 9
63 945 6
407 1349 6
1158 1500 12
1965 52 9
328 466 9
813 194 9
987 1911 8
946 495 8
11 1422 11
374 1416 9
617 1414 6
533 1007 10
309 406 8
878 353 28
449 908 10
1703 526 7
1936 2000 4
20 351 8
1224 433 8
689 695 19
1276 1915 12
1412 273 12
893 1275 7
1780 1296 12
392 356 8
1600 1057 27
1993 998 6
801 1929 18
1587 1432 16
1856 815 12
543 1510 10
699 703 6
405 1837 9
1552 299 9
1124 1844 8
1562 2079 10
1818 1724 8
937 1800 4
151 910 12
787 1050 8
572 1203 7
1209 2059 7
1414 1274 7
379 2067 12
1869 617 8
1705 2025 4
548 1026 12
9 412 15
1887 159 8
1019 1883 10
200 397 24
1238 629 9
2062 203 30
1853 417 7
895 2011 5
340 953 7
468 1213 11
1382 473 7
239 853 12
1966 1760 7
1863 393 7
247 2047 8
1581 466 6
797 2002 6
975 1164 12
1332 824 12
1489 1642 30
1126 443 6
1302 575 7
1996 1816 7
1107 701 6
11 897 7
1805 1711 12
1188 1294 7
218 674 9
764 1017 12
105 1940 4
347 668 15
2030 721 11
926 661 8
555 768 13
2039 1635 5
423 1894 11
2070 1037 11
1798 1808 7
1623 782 8
1300 756 15
461 10 7
1492 931 8
1389 1345 6
564 487 11
35 136 7
346 1890 7
99 153 12
1969 1686 12
1361 822 15
692 1630 12
1256 836 7
1703 1926 4
130 289 7
1449 449 20
1830 1970 7
282 955 12
1035 1077 9
359 1428 8
1818 894 4
1665 215 6
1999 1678 16
1421 2039 7
71 518 7
826 421 8
169 1138 12
947 1405 7
1851 1964 11
125 157 6
1859 1177 6
477 267 8
654 1374 30
1059 1082 12
1920 913 5
1689 584 8
134 1286 5
229 551 7
1108 1001 6
1175 1042 4
704 1892 12
69 964 7
962 1171 8
98 1756 8
1080 135 12
484 793 8
279 1051 19
1038 2081 9
819 747 4
1157 197 11
409 1192 20
90 1949 9
1871 722 10
1387 1054 7
2014 1419 12
1218 1686 12
1988 1970 5
1853 1800 5
337 1469 15
1750 1826 9
1675 516 9
1323 996 8
209 49 8
1128 188 8
1747 1347 11
963 47 30
1983 1629 11
953 1610 12
830 976 18
1049 1772 12
636 1654 8
207 238 12
228 805 19
321 260 5
48 971 11
1531 1577 28
1213 1143 26
155 974 6
1582 95 7
1206 762 11
1764 403 11
395 267 5
550 790 6
1024 2054 12
1738 1927 11
830 242 7
837 804 12
919 1351 12
1579 560 12
885 132 9
384 1006 6
909 1827 8
1653 650 24
1943 1142 6
1807 445 4
2058 1855 8
796 1290 4
2031 457 8
623 1512 8
364 1269 9
885 1888 27
395 1794 5
1191 677 12
338 552 12
1184 1510 12
1617 1246 8
923 539 12
412 1095 10
1412 1221 6
1467 597 7
401 1661 7
832 1352 7
702 850 10
1493 1761 11
1528 1711 19
1057 504 9
512 276 8
423 1329 12
44 595 19
1809 142 4
1259 1035 29
1727 622 10
508 500 9
517 1635 4
223 426 5
300 1431 6
564 1197 7
1320 1248 15
844 1695 28
1436 1196 19
2081 1850 9
365 679 12
1740 608 12
1336 854 15
1472 1982 24
193 2002 6
1337 159 4
188 1893 6
1811 788 12
1324 658 10
763 1351 11
1168 1362 11
79 1936 5
1705 1757 5
182 236 4
199 863 7
1608 643 6
496 795 20
1327 711 8
89 1835 6
284 345 9
928 676 14
1141 1785 12
557 635 6
134 1920 7
1283 1846 5
1748 1766 8
609 1260 10
648 1289 9
1751 1950 6
1244 1666 4
730 1953 6
1064 1940 6
1439 1230 12
1370 288 11
1598 747 4
1952 1064 6
1869 1089 7
1478 927 12
31 179 11
518 1590 10
1779 90 10
1941 889 15
825 1904 6
455 633 12
356 700 5
1760 1418 4
956 135 11
1733 440 4
2029 835 4
1741 1554 28
915 1373 8
1470 1756 12
1511 1503 28
1716 697 9
1161 553 11
901 1401 6
1234 2064 8
1565 1291 27
1398 1285 10
1962 1749 10
207 521 6
1248 1594 12
1403 155 6
1957 1102 12
138 1424 12
14 1600 6
2058 443 7
1767 1515 7
1294 1100 9
654 2073 10
290 493 7
206 1216 12
254 759 7
1895 743 10
1139 1415 6
912 769 8
286 1039 8
1113 874 6
880 1883 12
426 1663 4
1895 1026 9
1704 1780 12
1462 1994 10
310 1599 8
676 675 4
2009 1083 6
2036 1090 8
1780 1130 9
199 1734 11
1720 1755 23
459 990 6
1782 858 6
1284 1043 5
1871 2042 12
1795 1724 5
2059 283 8
90 740 12
1902 1279 18
791 320 30
938 332 6
408 274 9
1356 2054 10
1068 1330 9
1876 136 9
465 990 12
1697 885 9
1417 667 5
64 3 12
71 1596 28
1071 766 11
1194 954 8
1623 4 4
1405 644 11
566 1067 15
388 1678 12
483 1774 5
314 1245 9
1110 375 15
573 1721 7
1751 113 8
84 553 11
1662 1770 7
142 1861 5
230 383 8
117 594 27
1422 625 12
1356 92 7
1638 556 8
216 1270 5
1713 476 8
428 1529 7
1575 702 6
434 1220 26
223 1744 7
1450 1761 12
1082 297 19
1971 1465 11
766 313 29
1846 362 7
296 1033 4
1560 1448 12
1365 396 9
1525 893 11
1074 1892 10
1307 2013 7
1115 1737 12
795 1470 10
356 1651 6
521 1158 9
295 1597 12
211 1640 12
723 1977 9
909 572 8
1433 2068 12
968 1489 27
1562 1714 10
1524 467 30
1004 495 6
785 1398 12
2065 1437 11
1610 1156 9
1358 733 12
1658 336 9
261 1994 9
1724 1810 5
1741 1779 7
708 1233 12
32 1918 6
1665 1603 6
1092 297 12
379 1257 7
1590 1636 11
1497 1019 8
1021 1136 12
1435 1646 6
120 2084 9
2027 1039 9
681 280 8
1497 1247 7
1802 1216 12
547 1451 5
206 1821 12
16 1874 4
1069 817 4
1154 1861 5
1794 2035 4
189 136 12
356 10 8
172 1629 30
367 426 4
542 1449 8
1014 2008 7
1036 783 8
164 28 6
1076 1513 10
110 1285 6
378 1027 12
1897 2013 11
1387 1666 4
1812 1312 8
1666 1790 8
9 392 7
1343 1373 8
857 369 12
460 1352 6
1570 1091 12
1808 1033 7
1184 235 8
1482 1743 4
2030 821 27
1447 1096 4
1117 691 15
1708 1953 7
1456 991 12
2058 1126 7
1809 145 7
1585 780 6
1483 1104 5
590 2032 8
594 30 6
530 619 6
1174 1775 9
1259 650 10
1027 1431 19
962 1505 10
1328 554 11
1400 87 11
957 1992 7
490 321 19
199 1500 12
163 1163 7
1492 1577 15
837 838 12
2080 1448 26
1134 1940 8
46 1493 15
804 1521 12
288 485 9
1365 326 6
1501 495 9
1468 198 8
191 1933 8
1448 1296 12
1860 489 20
2068 1656 20
962 1901 6
1891 122 8
1563 1886 6
468 1365 12
1622 1655 7
1265 409 9
973 201 6
973 131 5
556 1972 20
1034 418 11
1492 1239 4
223 305 8
1311 565 11
134 1466 8
482 1006 6
1149 1725 8
881 1671 10
929 1241 6
190 608 12
1795 809 4
1458 1739 6
1381 1223 9
1032 1282 9
1365 1381 7
875 232 30
1570 1907 9
1473 134 8
1452 1686 7
842 660 12
178 1106 8
400 954 5
1388 670 5
1998 363 7
999 294 6
1603 716 7
715 1312 4
391 363 4
217 1687 11
554 100 29
326 1903 27
1239 1531 15
911 890 27
1614 109 7
1573 674 12
2028 1358 11
327 1687 27
1763 1437 8
647 1345 8
1865 1857 6
1487 1599 4
998 1448 10
727 1465 12
1350 862 7
1533 1510 10
462 1070 11
778 404 7
241 1532 6
822 1829 8
44 1219 10
1141 1844 11
1343 933 10
1080 378 11
894 7 5
1673 1033 7
1795 832 4
1375 1544 8
563 394 23
1848 990 10
172 41 9
717 1754 10
1871 1782 19
2001 1488 28
231 1877 4
464 4 8
243 725 7
1606 1641 6
1852 653 6
2032 689 11
1013 1706 12
1983 172 12
1956 1474 8
2021 1517 8
1818 12 7
106 1574 9
809 1299 6
1125 1143 10
1007 1653 12
959 879 6
1242 2000 4
1198 1178 4
1626 1774 5
1770 1681 13
513 194 8
338 1902 12
1370 1099 12
638 1015 12
2035 1824 8
498 1285 19
981 1142 7
435 620 7
432 629 12
1785 872 6
380 1220 12
1608 1054 5
1784 1093 7
2086 207 6
671 2 12
1513 934 16
1136 291 12
965 1136 10
973 196 7
1974 1010 9
742 1885 28
912 858 7
1141 335 8
1813 616 23
166 2008 6
360 1670 15
309 1922 6
1551 1193 11
1765 126 7
1630 1397 19
597 489 10
202 527 7
587 738 5
301 1250 7
1818 1843 8
767 1911 9
664 2029 8
395 233 8
253 1031 9
1336 2032 15
1804 231 7
361 682 19
593 1578 5
770 1464 5
1246 2038 11
189 1697 9
302 875 27
1456 695 11
1128 463 5
150 1823 11
857 1980 10
1614 1116 8
535 1951 8
817 1778 8
749 267 5
323 905 10
1879 1973 10
1707 1839 8
575 1107 5
1365 2052 8
1519 163 7
1469 1930 12
1471 446 6
713 1821 6
2002 168 4
1728 1182 12
641 1989 11
530 806 15
646 115 7
2005 62 24
1928 1909 18
1823 1520 8
1237 1025 8
835 989 7
1699 1851 10
189 132 12
252 620 9
474 749 8
1554 633 12
1803 1649 5
1919 1330 12
1671 765 7
241 1468 8
1514 930 7
1119 1010 10
54 10 4
370 2013 9
750 2044 7
1100 1911 11
1073 1460 4
435 1630 8
1038 192 18
1160 2090 5
1176 1066 6
149 635 12
505 331 12
1657 4 5
1939 1977 7
2001 1316 10
1300 152 6
1217 1796 5
538 841 6
647 233 5
1219 1282 12
2021 1939 8
215 1404 4
635 717 12
1654 345 12
901 1116 5
366 1597 10
1400 110 6
1995 324 8
321 1721 4
1034 1549 8
1180 101 8
2014 307 7
10 95 6
457 1114 7
1622 1078 8
574 1921 5
22 1008 8
669 1806 12
1011 543 12
550 259 4
1216 1633 8
786 778 10
647 680 13
1906 1768 8
391 1863 6
344 1552 12
336 578 11
1707 1867 6
988 779 7
1611 1446 8
1420 666 9
1188 1225 12
1471 1743 8
1410 236 4
179 788 12
224 1906 12
90 189 12
1785 101 9
1858 779 7
1578 267 6
1782 589 12
176 2044 6
1525 971 12
572 1431 7
1340 466 6
856 1257 12
349 980 9
580 1558 6
869 926 9
2076 1760 5
1723 1720 19
587 1116 6
670 1315 4
1217 528 7
478 374 9
169 314 7
890 1091 9
1604 111 19
983 1678 8
444 290 6
25 1136 7
154 685 12
1336 947 15
1847 254 10
1032 250 12
116 719 10
113 2077 4
1622 850 7
163 696 11
746 524 6
593 1345 6
1259 1856 11
935 1227 8
155 561 6
1036 1759 8
737 1545 7
652 1720 6
189 803 18
1595 1735 9
303 150 10
1030 843 6
38 665 28
1399 1932 8
739 540 19
1364 2049 10
37 810 11
1921 260 5
1669 1295 4
542 908 19
102 930 6
1409 1868 8
1997 1196 6
491 613 10
892 1644 7
766 419 11
1939 1058 8
1241 259 8
1130 2030 9
191 1905 5
1534 1712 29
2018 643 6
785 257 6
214 618 15
1945 466 8
1272 268 9
1261 1816 10
335 180 12
1536 1612 12
1206 1806 12
1134 1103 8
1596 1873 10
1550 960 8
1005 1766 12
1766 1836 8
1140 161 4
1353 1976 8
871 24 10
812 2 11
642 1725 5
1132 944 10
1149 168 7
831 438 9
427 683 7
876 509 8
722 858 12
1789 1430 6
1113 2048 7
500 1860 9
1074 433 11
479 759 23
1762 617 4
816 384 7
255 769 12
1900 723 7
875 96 9
1801 440 6
830 1222 6
199 1533 10
38 18 11
1529 1648 6
1523 369 12
303 1313 12
455 136 11
1406 762 11
366 1989 11
1544 596 6
543 1184 28
588 1560 11
1741 828 6
342 1296 11
901 1809 6
1276 1040 9
502 1431 12
663 1637 8
1119 792 28
1464 686 5
1235 416 10
1597 1929 20
1920 1545 8
1712 107 9
302 660 7
628 1360 7
112 21 7
1407 980 8
110 1652 23
1685 283 5
386 221 6
636 218 7
767 1408 27
1346 952 8
641 769 7
1057 1854 30
1182 389 20
1875 1561 8
1502 1061 8
1347 589 9
1869 2002 7
1063 1816 19
992 1736 26
736 1691 8
234 689 12
403 674 26
899 508 9
932 816 28
1997 603 12
176 995 6
420 1289 12
991 186 8
1844 432 26
2072 476 7
208 606 11
1955 1264 6
69 648 12
868 1914 11
143 982 8
881 658 7
23 1116 8
1722 568 28
566 38 15
503 692 7
910 1261 18
207 199 23
1168 1947 7
699 51 9
1150 1301 4
1353 1774 7
144 1873 12
992 986 8
628 1822 18
1488 1444 7
447 1881 11
979 462 15
1744 1020 5
2007 132 10
1907 349 9
1336 903 8
1217 1244 5
1237 277 6
1191 1850 7
1395 1639 7
1344 1521 7
597 1521 12
774 946 12
685 2064 9
1111 426 5
1668 917 8
1907 1680 12
674 345 12
1447 1043 4
2012 1986 7
406 1808 7
475 569 8
778 1816 12
750 2076 5
594 1060 9
1467 1344 12
524 1916 8
1511 533 11
1603 1101 6
1031 1498 11
1883 955 19
367 1961 4
360 1069 7
1313 1984 12
1759 1152 7
545 83 28
806 1158 12
1790 2018 8
530 1256 15
882 297 11
530 204 15
1532 1635 7
1881 1996 10
946 1964 7
1303 26 8
1000 553 27
1503 2055 11
1379 631 5
376 1526 6
904 819 8
295 1479 11
1428 112 4
297 72 10
1864 1364 12
1294 478 12
1882 1077 8
1359 382 11
150 1313 8
1095 971 27
1905 1341 5
1827 1555 6
1899 632 7
1079 86 8
1497 253 12
29 1229 12
1826 180 11
1519 408 12
918 74 20
1475 1043 8
2040 1244 4
953 2060 12
194 1165 11
997 1672 4
1626 159 4
652 788 11
741 873 7
1276 955 11
68 1041 11
952 824 12
416 1229 12
1058 165 8
1505 765 12
1508 279 30
886 1409 9
1671 1588 27
1902 1753 12
1291 181 12
1046 1450 10
1834 973 19
1670 1180 7
217 710 12
1771 691 8
1703 1464 8
266 1236 8
1877 1561 4
745 393 6
995 1096 5
235 1500 12
869 1643 7
1872 597 23
13 1378 7
618 513 8
1996 1640 8
698 1985 12
1759 428 7
1124 608 10
333 1040 12
1524 610 12
457 181 8
1512 1584 10
1847 130 10
23 1776 8
61 1391 8
1263 1070 12
150 1080 7
1009 1086 7
372 1141 10
1225 1298 9
400 1970 5
1563 186 9
70 2000 4
934 733 19
686 1190 6
572 525 12
1934 1740 12
932 1114 10
1935 1479 7
910 734 12
2061 340 12
1986 835 6
253 282 6
598 1260 7
656 1729 26
1147 2074 6
554 1202 10
1156 2060 9
1393 2083 8
239 1549 16
1411 1507 7
342 485 12
362 201 6
625 897 6
631 1460 7
1590 289 12
1123 1953 6
1511 2055 8
1482 1804 4
901 1008 5
1509 1544 7
1981 1649 4
347 960 15
314 1189 12
1862 1394 15
1886 1181 7
1074 415 8
539 1617 28
1920 1446 8
1013 801 12
1293 1086 12
357 1273 5
2009 304 7
1797 1295 8
89 1505 28
1701 1738 11
165 328 11
673 299 10
844 1983 7
401 1749 12
1858 442 4
387 1387 7
768 10 8
1103 105 6
752 385 10
1922 732 6
1507 384 12
312 1107 6
1565 40 9
816 2043 8
757 1191 10
1730 1674 5
658 1171 11
314 921 11
1602 1312 8
1400 853 12
1098 276 6
245 1534 30
1494 1245 10
659 943 12
445 1703 5
375 1881 11
682 17 6
1788 1800 8
344 857 11
489 123 10
1840 1000 15
1154 1088 6
1663 1833 8
244 1721 8
905 1781 12
941 832 5
98 1986 5
1017 1415 6
746 1404 4
46 1053 15
531 1397 12
13 1119 6
1166 782 4
1353 159 6
621 1540 6
116 908 7
241 450 8
907 1181 12
782 1760 6
602 1207 11
523 687 11
892 1113 12
84 2051 6
1481 1499 5
246 7 8
813 1349 8
1605 1724 4
331 1752 18
311 267 7
2007 1879 11
1970 305 4
358 602 7
1428 1650 7
1384 1460 7
349 1010 12
1240 923 28
1369 1078 12
108 601 12
1955 1952 4
1660 893 8
1327 1721 7
1603 509 6
1103 1315 8
267 974 4
1280 119 11
1494 921 12
149 1189 7
228 83 10
173 132 12
1292 1198 5
1745 1948 5
1333 563 19
877 516 8
74 1947 11
195 1591 8
867 295 20
1495 102 19
1531 1746 11
1030 6 4
1530 149 10
1427 101 11
1793 1155 7
1710 635 10
1538 1965 11
1110 777 7
893 1351 10
2041 1181 10
724 824 11
2073 704 12
137 827 5
6 1481 6
1478 1467 10
875 615 6
1202 1860 11
55 977 4
1773 1578 5
859 1882 12
1805 1910 29
1 1518 10
1453 484 6
819 1460 7
1938 1289 12
1641 807 23
79 1118 5
367 731 4
1430 1226 10
960 1031 7
1371 1890 6
2012 1863 8
183 1116 7
628 429 6
657 607 8
906 1142 6
987 1627 19
1697 1949 12
1727 1538 11
659 656 8
1359 2019 12
876 1665 7
1034 853 7
662 1652 7
724 2016 16
491 234 6
352 1301 6
1160 296 5
1429 505 10
1745 421 8
1720 1700 12
1287 2079 28
94 866 6
539 1682 10
46 1110 4
119 324 11
242 835 7
813 1500 7
933 550 5
1542 128 6
1333 143 10
1118 1485 4
924 1579 10
2024 1111 6
1492 1503 15
2085 273 24
680 1301 8
950 1020 7
1513 2022 11
1856 2055 10
1915 634 6
456 1719 7
170 428 8
263 988 7
415 213 8
137 754 4
1937 781 20
2046 399 7
503 430 11
860 1992 6
1907 1090 9
565 1944 10
1511 810 27
701 230 7
1629 685 11
773 1470 19
125 718 12
1222 1061 8
856 107 6
854 1621 12
2006 1607 4
1714 1009 12
260 711 6
748 1309 5
1119 1957 10
1356 1953 12
649 1364 10
604 804 9
820 1168 28
1445 1644 23
116 1216 8
1691 185 7
1659 842 11
922 1927 11
1148 1114 19
1537 637 9
936 1996 15
1115 784 10
931 580 19
45 1001 13
1379 864 8
1048 1000 10
1694 1177 8
1408 733 11
1306 1737 11
1371 1892 8
1644 192 10
1385 1078 12
1377 1909 20
1555 1553 4
282 558 27
431 396 7
905 533 10
417 1800 8
1643 184 11
62 1449 11
1579 122 12
1327 1473 7
1889 666 11
562 741 28
1922 1808 7
1798 1884 5
1334 574 8
1121 55 8
2057 1302 6
91 800 12
75 1713 5
320 207 19
660 96 12
430 1405 11
82 272 9
1023 1974 6
848 717 11
1275 1090 12
1616 415 11
1575 1319 7
566 715 7
146 1749 10
1688 1657 8
1241 1639 7
57 441 4
1186 1825 11
1941 1383 4
1240 539 6
1872 33 12
118 1949 10
183 1857 5
2026 1433 12
1786 1494 11
289 488 6
1943 1414 6
568 629 10
893 1253 9
1178 1392 7
599 1528 12
1344 1390 9
1807 519 15
1674 1769 7
1916 716 7
1537 930 11
657 1998 6
1077 1172 10
196 1877 5
982 90 7
1769 446 5
1291 482 6
1694 57 7
806 194 7
1697 293 6
516 919 10
1733 265 7
1633 1501 11
895 185 4
501 575 5
780 722 28
1882 943 7
1037 1498 29
22 23 4
1608 177 7
1087 1852 20
537 1308 8
1287 840 10
979 768 6
1320 1176 20
1812 1301 8
2039 607 5
1162 111 12
518 2062 12
1517 1463 12
1295 1111 5
1541 1553 8
322 168 4
914 1623 13
708 1880 7
1855 1330 10
408 2022 7
572 991 8
485 336 8
568 1062 10
153 1182 11
1539 1687 11
1900 1058 9
1620 1229 12
229 1942 11
11 1656 10
2019 824 9
946 1633 9
463 441 6
1249 943 9
719 534 27
711 1571 4
1898 1774 5
1652 304 12
1477 939 12
1461 529 11
1079 199 7
456 477 4
1870 700 5
1052 2067 12
1771 878 8
2083 1686 26
679 304 12
2024 2034 6
1175 1262 6
1809 1008 5
1033 631 7
479 2085 12
1624 438 12
1218 873 11
1819 1843 4
101 222 11
1334 1921 5
1850 648 6
2080 1002 20
633 1200 8
706 735 30
412 1680 7
1300 950 4
783 416 12
792 1003 8
1705 1404 4
1567 1061 7
887 2071 7
1482 231 5
1673 1129 18
1871 1777 10
1045 165 11
758 358 10
369 384 10
12 832 7
1019 1276 7
306 1232 8
1619 1814 12
1627 1746 12
500 804 12
787 291 7
1252 1728 12
1841 490 8
1550 664 4
1661 180 6
1765 1797 8
75 576 5
154 1535 19
1074 504 12
1831 1625 11
544 1244 5
801 698 9
507 10 6
126 426 5
1275 1570 12
1941 474 7
57 1323 8
1193 1727 20
1924 1285 10
828 36 10
818 1627 12
1429 1792 12
969 678 12
1110 958 15
1894 869 11
1943 928 5
1368 760 20
1615 1508 7
669 1606 27
807 1450 7
375 1761 8
1101 524 7
950 1669 7
139 858 19
2088 1200 11
66 1362 16
134 711 5
641 1711 27
447 902 8
1899 992 11
1004 730 9
1659 91 7
58 860 6
1762 676 4
315 1814 12
1199 717 11
1089 2002 5
1314 1328 7
1426 251 9
385 96 11
15 666 8
1394 1424 7
1758 1952 8
750 1391 4
1255 571 9
1571 270 6
865 1735 7
228 388 6
566 1150 5
1283 1743 6
2019 382 30
1132 1377 12
1280 1742 30
2041 502 28
474 1794 14
2053 1424 10
797 168 8
191 463 8
909 112 6
706 171 11
169 707 10
1769 131 7
433 1748 10
1342 168 8
1290 1709 7
1417 142 8
1056 1115 11
632 388 7
1021 1182 9
944 1781 12
1412 289 9
382 1032 11
1140 959 5
4 1075 5
1214 1243 7
806 1604 11
1702 472 8
211 1881 10
1744 1295 8
1577 934 11
2045 1046 9
1580 1992 5
1854 718 10
2033 1915 7
1929 858 10
82 2052 6
1034 87 27
1304 1354 20
77 496 12
694 769 12
709 2013 12
353 336 7
1784 437 10
308 24 19
288 1012 10
1251 1918 7
1026 51 8
1321 1308 9
1248 1763 10
1817 103 27
846 659 8
88 1547 9
523 926 12
520 1696 12
110 1233 12
1165 1349 9
5 1489 12
478 2022 12
1441 1909 10
723 788 11
600 766 30
907 1984 11
424 1666 4
1958 1766 7
1941 912 15
1062 1506 10
1955 1705 6
781 836 11
268 1980 12
987 847 10
2010 1545 8
739 1135 10
569 1860 10
1718 765 12
1416 1225 6
1570 980 12
38 1026 7
1379 484 7
722 366 8
1092 621 27
1265 1444 11
1938 648 11
1698 955 27
235 666 10
229 1289 12
2021 1048 8
1826 1306 27
1430 990 10
1235 1419 10
319 396 11
961 2057 4
28 1042 4
1042 794 8
1123 868 23
1548 879 6
1150 225 5
755 1 10
579 537 12
801 1597 12
22 145 7
264 1270 5
627 1163 10
1438 285 11
551 1559 11
1269 1377 9
1519 1188 8
1628 1462 8
938 1195 10
1574 250 11
266 2008 6
1081 733 12
1508 1249 12
235 606 11
89 948 7
155 1151 6
1320 738 7
1673 1055 6
1255 1533 18
413 617 8
1326 461 4
376 1290 7
212 225 5
852 1202 9
1868 2027 11
220 711 4
1616 970 8
205 43 5
2059 73 4
695 1520 10
1016 50 8
354 1183 7
1576 484 4
1862 176 20
662 2009 12
1167 2063 6
793 1808 7
1398 679 10
424 1543 19
824 200 9
1798 258 5
585 752 20
1925 1126 8
1813 287 12
208 513 7
1023 1957 6
1399 127 5
2066 798 29
860 931 6
429 259 8
1658 583 6
1907 516 6
1950 1103 8
220 1372 4
564 389 10
18 889 10
1276 315 12
1726 966 12
1699 1449 12
1742 751 19
901 1088 8
2082 96 12
821 1859 6
749 1301 8
1209 1705 8
1423 685 8
1822 442 5
1395 1548 6
653 1286 5
1858 43 6
541 237 10
156 1013 10
209 1873 12
758 1504 19
271 1231 8
891 43 8
1903 2052 6
672 1760 5
225 233 4
807 1261 10
493 1970 5
994 1497 10
1271 1743 8
899 489 18
1755 1049 11
974 1690 6
1151 593 19
417 1242 5
202 1088 6
582 891 7
540 1864 6
721 1448 9
581 2052 9
1 595 7
1361 1016 15
1565 348 12
1772 1419 19
1348 1347 7
731 290 6
129 77 20
1657 167 6
777 675 4
1779 118 11
1993 1524 7
1014 1710 10
577 526 7
1942 1588 19
1234 1186 7
1039 388 10
232 553 12
1672 1558 6
693 669 9
40 1799 20
1586 310 4
637 871 20
1618 615 8
665 743 11
1333 982 12
138 122 9
770 896 6
30 897 10
1156 1655 12
1490 599 10
897 1437 12
269 1737 19
1129 1410 5
1740 629 12
1326 2018 7
286 940 6
1201 1936 14
2020 369 27
1363 684 8
598 8 8
842 1204 12
275 1210 6
346 744 11
1016 3 27
532 391 5
1694 1323 6
151 480 11
2031 1121 10
1869 761 6
2007 1109 8
1572 1402 7
1009 107 8
629 287 9
505 1520 12
23 1088 7
115 527 5
867 1547 26
983 1331 28
759 56 10
761 1169 5
367 444 4
1950 1224 10
1670 269 8
20 416 26
1273 1724 8
1951 1325 4
159 1774 6
2021 1996 8
1473 711 7
1098 1732 7
264 1745 7
1087 2049 15
996 2057 6
1360 442 7
933 1094 6
1543 1054 5
1371 990 19
1442 1439 28
71 639 6
949 810 12
335 269 10
714 41 7
306 1449 10
656 1484 8
688 1860 12
1866 1759 5
445 945 8
1078 1927 8
1958 1838 8
751 11 23
1652 365 11
1959 96 10
1727 40 12
1997 614 6
317 51 11
1527 818 28
1583 1273 5
514 153 7
925 1096 5
1858 1691 4
693 1046 6
2088 1845 12
1443 637 12
162 410 5
353 1012 11
1646 672 7
308 637 8
814 674 12
87 1126 10
253 147 8
1007 650 7
1975 26 6
1236 1710 20
1306 1813 6
993 131 5
1121 1881 8
1425 695 12
1951 276 4
1318 503 7
822 1969 28
886 1678 10
1928 1377 12
392 1244 14
39 393 6
2029 1532 4
1807 1517 15
630 1627 6
1445 1137 12
1053 1136 12
1888 633 12
1566 1526 8
460 1098 6
422 269 16
1820 1029 30
1677 1690 7
2011 259 7
1764 340 8
1375 663 7
2065 1682 12
387 2018 8
1573 1153 27
2061 1613 19
622 181 12
1632 1235 12
1763 537 7
1698 1756 11
785 418 10
1640 762 8
337 1748 15
327 1906 7
1374 459 19
129 1915 8
1782 88 6
1866 441 4
2042 88 12
894 12 6
949 1249 27
1626 624 4
590 414 7
952 755 11
1717 534 12
355 1649 5
930 709 9
980 570 20
422 629 11
1695 41 10
993 1159 6
204 660 12
1783 1082 11
1218 678 9
1535 59 12
785 304 10
746 576 6
1072 1746 11
1369 345 10
514 942 8
1701 345 12
1755 1457 7
1455 185 4
1613 219 12
2076 782 4
477 311 7
918 1735 26
1315 1685 7
1313 689 10
1693 1726 6
1847 1895 12
1397 122 10
1246 1060 12
838 318 10
1480 1086 12
1534 1257 10
996 428 4
66 2064 12
1096 935 4
1948 1589 4
2026 285 11
1293 856 9
894 460 6
1193 348 26
1215 1904 7
475 604 7
554 297 12
1404 283 7
1559 1692 9
1550 1532 8
443 679 9
566 1668 7
1516 1417 7
1782 1157 23
1849 449 18
45 1857 5
301 440 6
1223 1245 24
304 1233 9
1865 1176 6
82 1189 9
1756 1468 10
1260 1595 6
555 1918 5
1698 1883 8
1153 1078 12
500 604 11
191 1881 8
1213 541 20
1767 853 9
610 1296 9
1601 1621 12
1840 214 6
2049 1864 7
1392 1022 5
705 194 11
2073 124 11
458 1461 20
1867 989 4
1954 63 5
1632 210 10
1237 1927 9
1326 700 8
197 1479 11
415 645 20
773 975 10
1418 1402 4
916 239 10
1994 651 20
1234 59 12
1009 1768 9
655 1337 6
703 2062 27
1753 1279 20
427 740 7
1689 1944 7
536 1724 8
907 1456 27
1462 992 8
296 1384 6
113 2072 4
1933 1517 10
340 1612 10
6 626 4
1793 1446 6
1020 808 8
582 736 4
1488 2082 8
505 1203 9
169 601 9
1638 1369 10
590 359 4
854 1633 7
645 1892 12
1227 1435 8
1252 153 9
1369 1536 6
98 532 8
208 1604 8
312 961 6
1120 1502 6
1080 1752 10
279 1856 12
978 688 20
341 2057 8
1429 1425 11
1685 1264 6
547 1721 4
1861 1586 5
2081 1938 9
969 523 10
1430 465 28
923 1060 10
1191 648 7
1044 1231 12
255 1347 10
911 1010 7
106 1775 6
1876 293 6
45 1861 5
1664 1666 4
1443 1405 11
1778 362 8
1387 1651 5
278 361 6
1867 2029 15
1628 805 12
80 1091 10
300 1080 23
1896 1142 8
737 1921 5
1557 1476 27
1835 677 10
296 1460 8
933 1140 8
1506 287 12
1150 1403 4
359 909 6
753 634 11
1733 290 6
1780 1368 12
839 1736 12
1667 1796 8
874 1588 12
255 599 6
943 1653 9
315 496 12
520 884 29
2037 1662 19
1385 345 11
1340 1229 9
1844 1661 8
2021 191 8
1287 1220 10
789 1864 10
667 1614 8
1593 637 10
1000 1131 11
1831 570 10
696 1298 12
1705 670 4
1641 1592 6
2037 675 4
45 646 8
938 1177 19
321 454 6
268 1565 9
17 483 7
815 1729 9
329 573 5
1177 1933 12
892 2056 11
249 968 6
1133 1188 12
1324 1559 29
933 1131 8
522 2001 6
359 1146 6
1426 307 11
1486 411 8
1250 440 4
751 728 6
1486 1659 7
1572 1688 5
786 178 10
1610 345 12
738 1586 14
698 1490 6
866 1325 8
378 1181 12
1116 1066 4
1389 474 5
1709 663 7
309 819 8
1803 1482 5
767 1298 12
519 1531 10
1866 843 5
775 1148 12
2004 2058 10
1484 815 6
197 139 12
2009 1491 9
1585 255 28
181 1538 8
702 636 28
618 1889 7
417 526 8
1516 1116 5
2077 716 8
1052 1465 6
1748 984 12
1334 1286 14
854 2054 11
2037 413 4
1851 2054 16
393 1222 8
1831 1091 12
1346 595 12
94 1352 5
1134 524 7
1745 1976 8
141 1609 11
2077 1404 7
226 975 28
1740 146 18
222 2075 9
1802 534 11
205 879 8
1068 443 11
1294 1416 12
972 791 7
422 1180 12
1990 1627 10
1632 1229 10
948 964 10
14 1836 9
970 1065 12
1905 2057 8
517 1567 5
1494 169 11
1904 898 5
2083 969 20
1530 468 10
555 1913 5
1352 357 5
1951 1684 5
1516 1586 5
2034 1733 19
975 198 12
1242 398 8
1248 1676 7
1056 372 30
953 1696 11
1 200 12
1220 1086 12
1845 1554 10
390 1976 4
923 897 6
1962 401 28
610 823 6
1902 824 12
1023 1831 23
847 1527 12
2075 1787 10
1380 814 15
203 273 10
22 1088 7
895 221 6
1600 124 12
1845 1842 6
672 748 8
714 1947 9
1204 409 8
1757 524 4
132 803 20
2001 660 10
735 1628 10
96 1472 9
315 795 18
209 18 11
560 138 9
1254 898 5
1247 1522 11
2017 1107 4
1135 869 8
1582 1913 6
1695 2064 12
1894 494 29
390 684 5
1355 421 8
1754 1199 10
1660 1831 7
1447 1435 4
915 442 5
333 753 9
1265 660 12
1175 376 8
1828 692 10
402 491 28
511 1632 28
179 1977 10
444 400 5
1032 2016 10
638 56 18
1106 1640 9
272 1138 11
1734 1158 12
462 348 12
944 943 11
860 1960 6
1651 10 4
116 62 7
419 1252 7
1655 556 11
2067 1257 24
1419 210 12
1862 61 4
1550 532 8
1309 76 7
1330 1924 20
547 1112 4
751 1594 12
1772 1632 10
8 939 11
262 1397 11
1328 1478 30
2088 36 12
1135 623 12
834 540 6
1294 733 11
2011 221 5
1922 747 8
139 599 6
1303 1968 7
1480 829 11
1117 750 7
1061 1458 6
959 862 4
623 661 9
1908 1015 8
1546 592 6
1234 820 10
548 479 6
79 1853 8
1036 2032 8
1671 229 28
969 661 11
1426 652 27
77 1031 11
63 526 8
719 854 28
515 419 8
736 1343 6
1908 1596 10
74 1825 12
1852 490 6
324 78 12
294 778 28
1707 1863 6
1821 908 10
1002 336 11
958 1568 8
1427 432 12
1931 1466 5
745 532 6
61 167 7
105 876 6
1539 1052 6
390 1626 5
463 57 8
1672 686 5
1670 668 28
1013 1711 11
726 1250 6
988 185 5
1984 1181 9
1751 1958 8
1647 54 5
1271 481 8
596 1553 6
163 2022 12
2026 1676 9
455 50 16
352 561 5
280 1296 12
802 95 7
2043 40 10
202 22 5
778 1592 7
1056 1934 10
542 1024 6
244 711 4
878 1099 27
168 506 6
217 1293 12
411 1161 7
1413 446 6
1628 2063 7
1194 440 7
431 707 11
1429 303 30
1173 496 10
772 355 7
1001 1008 4
1621 1964 12
1121 2087 8
1548 779 7
715 1773 5
1657 782 8
1823 1181 26
1374 970 12
1018 1768 11
1574 1332 12
1660 877 12
129 1619 26
1795 1607 8
1928 364 9
1846 1743 7
1840 390 7
1971 1231 9
558 147 6
690 1604 16
1837 1218 9
227 774 10
472 1170 11
377 851 8
334 631 6
430 308 12
141 1761 16
104 1419 10
2020 1070 8
1072 1911 10
1133 818 10
356 1870 6
583 1099 12
1979 598 28
210 1939 10
1121 1546 6
68 41 12
480 404 10
929 1360 4
1157 599 7
1518 2016 8
1972 850 10
1573 218 11
1804 1877 6
985 161 7
1067 1612 8
97 731 8
1777 1157 7
435 1179 11
1195 485 12
523 1829 16
259 1127 6
103 1490 6
1254 1159 5
555 643 8
309 375 8
1437 285 19
1468 1040 7
1631 651 18
1176 1487 6
298 977 4
1476 459 6
791 1205 10
318 1459 12
154 1423 10
1120 242 4
126 305 5
923 2038 10
223 440 5
321 1931 7
109 1116 4
1998 1739 8
1910 1490 9
1684 94 5
514 958 10
1742 1995 10
1145 1142 8
1857 1776 4
1425 1203 10
1658 823 8
1043 2044 4
797 1142 5
1999 1085 11
1939 1419 7
465 213 7
1002 1368 12
1636 289 10
1991 779 7
2044 167 6
1704 546 9
920 1220 7
404 1592 6
202 142 8
1339 1523 6
771 1335 11
311 233 5
726 954 5
529 313 11
1786 1530 30
936 1144 4
1007 1511 10
344 53 30
885 36 12
567 1298 26
84 1702 12
827 1352 5
1284 368 7
847 1163 6
2048 1137 9
1995 1304 11
1298 2022 12
160 1357 20
1769 817 4
450 1421 8
1055 275 8
1486 1618 12
1662 906 5
399 1819 8
2020 2087 11
1386 2080 11
1358 510 29
1105 1814 11
1256 1332 12
49 289 8
405 687 12
622 299 11
881 765 8
865 172 27
1725 906 5
1197 1568 12
571 1349 6
1694 1030 7
634 1619 9
1293 437 18
80 1119 12
158 1093 6
1625 448 11
287 784 24
1606 480 11
590 814 8
106 397 12
719 1216 7
423 1643 10
185 43 7
1453 1160 5
726 1669 6
715 1150 5
580 686 5
827 1607 5
831 425 11
1453 2090 6
1898 1270 14
1441 943 12
1707 160 6
664 1707 6
1718 1445 6
83 85 10
1543 643 6
309 2031 6
368 1391 8
1185 613 11
1057 157 6
2009 1415 8
444 1961 6
1392 1566 6
1339 299 7
1297 1250 6
820 609 27
540 187 12
983 1409 7
1052 840 6
1110 322 5
74 66 10
1238 2075 6
560 637 12
738 901 8
1739 34 4
725 1562 30
1320 202 4
55 1576 5
951 293 9
465 1074 8
1747 1528 16
1310 805 10
1319 520 11
1065 1226 9
112 663 7
380 1768 7
1265 84 27
295 1747 10
1678 425 19
848 1381 12
1502 989 7
535 7 6
1072 2022 12
649 562 12
473 898 4
510 627 9
1950 2077 6
528 10 8
372 335 12
1300 861 15
162 1809 7
766 153 10
340 218 12
473 1159 4
1309 167 7
1618 472 9
1432 788 19
1570 570 18
1005 1890 6
680 1773 4
961 383 4
1949 132 11
1593 2013 12
1685 746 7
703 144 7
1509 28 5
1420 521 11
1239 937 5
868 1964 12
729 811 18
240 36 12
571 1889 12
1902 106 9
1183 1709 6
158 1287 12
1369 1932 10
1022 1262 7
842 472 11
492 453 7
1793 1545 8
1613 850 6
1311 1997 6
1654 556 10
2061 636 10
243 1287 6
2031 819 6
1926 1485 8
1937 1332 26
1887 390 6
1870 1208 4
818 1072 8
127 1178 4
316 1781 12
512 832 4
1754 635 7
124 213 10
2053 252 11
349 1974 11
1063 1450 6
1934 784 9
1824 1719 8
1694 1816 8
191 210 8
1958 756 28
1821 1621 10
1715 711 8
1338 592 7
1939 1700 12
1445 648 6
1514 24 12
395 1301 5
770 1190 5
440 1970 6
671 2019 27
766 565 12
1492 353 15
1053 1568 11
1210 298 6
1380 1935 15
1693 198 12
1036 204 8
764 2066 11
1734 194 11
1706 88 6
549 783 28
1784 1086 12
2066 87 12
1122 2022 9
586 670 7
1988 1830 4
102 1212 12
401 180 7
672 995 7
1761 480 19
1317 678 11
1592 1806 9
1526 1544 8
1014 1381 12
745 1421 4
557 1014 23
42 898 5
2066 1767 11
1378 1275 10
900 1198 4
563 339 6
183 1586 5
286 1868 9
673 1263 6
582 1691 8
378 186 11
203 1895 11
1903 1494 30
421 17 6
1757 509 6
202 1401 7
797 642 6
1361 1087 6
716 1791 7
927 1474 9
1960 896 6
884 1025 9
1037 1019 11
470 1438 27
166 601 12
1896 1762 7
1590 638 12
1979 1735 10
607 1863 7
586 1388 18
1524 1704 10
1270 1589 4
1067 814 28
1577 1298 12
1378 1525 11
279 859 10
1156 1573 9
2003 1474 12
1151 1824 4
1307 1828 8
1729 943 12
1539 1906 12
1209 1751 4
1146 1637 6
881 1137 12
1084 227 30
1721 1451 6
206 1288 10
1045 251 12
616 629 12
744 1371 12
900 1175 5
1550 657 7
1505 1901 6
1810 1732 6
436 935 4
763 1010 12
1567 1396 5
1071 1252 10
108 557 6
306 1964 12
107 1093 10
85 1469 10
374 767 9
327 380 28
536 1795 18
105 1264 6
771 1584 7
580 1800 4
1277 1023 19
1585 156 7
249 1609 7
1905 626 4
853 1491 8
1187 1236 12
876 283 5
177 1208 8
1281 1221 9
420 551 11
1047 1270 4
1859 588 23
283 509 7
747 2090 6
204 472 7
1560 938 12
244 1921 4
813 350 6
970 1766 9
493 1801 8
46 2037 8
889 1026 8
29 251 10
36 136 12
841 1346 28
698 833 9
942 529 8
1051 1653 12
563 1258 12
1697 740 9
1853 1190 5
1731 734 11
775 348 12
1483 1088 4
1668 2035 4
1084 92 10
1269 815 11
559 1729 12
1598 1379 6
2 552 10
1117 1862 6
590 900 8
536 1810 5
1898 1887 8
802 1651 7
1205 2047 12
1713 1791 4
1089 906 7
346 504 12
931 855 4
2007 136 12
1499 170 8
788 351 10
1221 1917 10
777 1896 8
1211 609 11
1000 800 8
213 1065 6
1682 1060 12
1691 1639 7
1657 750 6
1336 1623 6
856 1971 9
1998 450 8
373 1583 14
1726 1247 23
1228 1047 7
1973 1016 10
1217 10 5
401 1124 8
457 1980 7
117 1682 7
1153 1696 11
972 543 6
294 1806 10
405 678 12
1322 1568 16
2039 393 6
39 2012 6
1503 1564 7
2086 513 12
864 1546 6
514 1196 7
662 1925 11
981 676 5
885 683 11
1758 476 7
626 175 8
1975 17 6
1789 1005 28
1892 1848 20
1461 1322 10
1109 740 8
1554 1879 10
960 1883 11
2003 1521 11
888 1026 12
1232 730 8
1728 99 9
1573 556 9
1954 1800 6
958 942 7
1950 1748 8
1392 1650 7
1309 1391 6
109 587 4
713 206 28
941 276 14
1913 177 4
240 1200 7
828 427 28
2062 1873 9
1632 1457 6
1836 611 11
953 1655 9
1380 566 4
148 649 10
323 1376 19
2046 1732 5
1580 1118 5
1304 1682 26
1380 680 6
1748 718 7
1779 1333 30
863 1604 12
619 684 4
373 1098 8
889 273 7
355 898 14
487 1436 12
1003 2036 8
1312 561 5
1840 1948 7
1771 375 8
790 429 8
682 612 7
917 267 8
149 848 8
760 1177 10
98 39 6
1515 1919 12
698 1706 9
1931 454 8
1456 300 6
905 943 10
203 1281 29
821 485 12
1483 646 6
292 168 5
111 2047 10
1898 684 5
994 1726 19
923 537 12
1114 2087 12
1973 1258 12
1496 186 11
771 687 12
46 1168 15
981 2074 5
227 1708 10
249 1046 8
80 919 6
486 1687 19
720 1042 6
190 422 10
1228 26 8
1249 1077 6
693 1731 12
526 1558 6
1499 1107 7
459 984 12
612 216 5
1098 1843 8
820 939 11
870 568 10
892 69 8
1230 709 10
1485 945 8
1491 798 11
519 140 12
2043 2087 11
791 1162 11
360 1698 15
1853 1936 5
9 802 4
1628 986 7
1086 2067 9
1642 1106 11
2015 785 28
825 1834 6
754 941 19
1367 1663 4
1125 635 10
749 1690 6
690 513 12
1266 1351 16
1388 2059 6
1926 79 7
1807 1007 15
899 1521 12
952 1937 8
1036 1771 5
2050 782 7
1146 1262 6
1717 963 27
591 96 12
414 1022 8
414 1541 6
1767 1549 10
928 506 5
567 1076 20
763 448 7
158 1086 10
889 38 10
1420 1158 12
79 1190 7
360 497 15
463 851 4
61 464 5
1402 1391 8
2054 534 19
979 229 15
196 1981 13
781 724 10
1098 357 7
594 119 30
1366 334 7
1837 1912 9
913 67 4
1278 1169 5
1391 995 5
25 600 27
946 1717 6
1122 627 6
577 937 5
272 1236 9
904 55 8
1441 1172 7
1740 1750 9
1577 274 7
172 697 6
779 1360 7
1127 27 6
1989 912 10
1579 1424 9
478 1990 18
1319 953 10
1764 1701 7
1215 1730 8
573 1921 8
1613 218 6
852 297 11
826 1976 6
381 1956 10
68 811 10
166 717 10
1968 26 7
1398 2058 28
1825 811 20
1506 784 7
671 1332 7
1232 1621 26
622 1070 16
1953 1621 9
921 1189 10
1590 273 9
2082 409 10
2050 1043 8
773 880 6
664 241 6
997 526 4
540 771 23
1837 1317 12
1603 73 8
1346 552 7
312 701 5
195 1451 5
1875 42 7
502 1984 7
1622 1067 10
1441 559 11
460 1724 7
613 572 10
355 1471 8
1015 56 20
519 1569 8
997 1936 4
1445 677 6
1629 1186 10
291 603 9
1786 314 10
277 674 7
1239 577 7
1908 1917 6
411 1702 9
1516 1088 5
1307 1405 9
2017 1893 4
47 1501 29
1563 128 8
515 458 11
347 1981 6
418 708 10
264 159 5
112 1650 8
77 1105 10
1291 369 11
1343 1691 6
161 263 4
1386 288 8
1548 1832 6
688 1390 11
1523 348 7
1899 886 8
749 1773 5
826 1337 7
133 20 11
52 1263 10
1218 834 27
675 413 8
2008 707 12
736 1000 8
714 697 8
1314 318 28
438 1994 11
1277 792 10
1459 475 28
1235 2014 28
578 823 9
1173 1756 11
1083 87 12
948 712 12
2046 12 5
772 1283 4
175 341 8
1802 1123 6
786 1641 19
475 72 7
302 553 12
214 1048 15
1792 1425 30
2082 1131 11
1714 434 11
385 1702 12
859 656 11
1532 989 7
812 1282 12
1567 1120 5
1852 1571 6
376 1292 18
2087 457 10
1793 270 7
1726 634 6
1318 1891 11
257 1549 12
209 1015 10
1744 440 8
1219 824 10
642 193 7
1771 549 8
1341 1866 7
372 401 10
238 1889 24
577 1960 7
1616 14 12
927 1082 10
541 1236 12
166 1381 10
1909 1376 10
1145 1268 8
1184 521 7
1736 1085 12
2086 111 11
156 1871 30
904 462 8
2030 1368 9
735 1167 19
544 1913 5
1117 2076 5
1683 562 6
1213 1189 8
1772 1457 6
1656 728 10
1195 332 6
586 1791 7
1452 184 12
988 895 7
1617 728 12
1564 1035 11
601 396 8
1399 900 8
1973 339 7
725 1534 11
819 1808 8
2070 1276 10
841 1332 10
1937 552 8
1045 1587 10
1963 1167 6
999 211 28
217 1257 9
335 1934 7
1765 1961 8
1322 942 12
347 1834 8
1112 1852 6
1951 12 13
458 1944 8
1695 939 10
1643 405 12
1698 198 7
9 881 15
1324 1588 12
1757 586 8
499 341 8
920 1687 12
1785 2075 8
1815 341 8
459 346 23
649 687 10
1897 620 12
1849 1004 9
1145 981 7
1719 1345 6
1343 1048 8
102 24 6
1738 1638 12
1044 224 10
1314 1459 6
905 439 12
252 1579 7
2030 1448 12
1146 164 8
509 1264 7
1132 1564 11
417 945 8
1406 141 10
265 305 5
1007 1781 8
823 332 10
1841 1969 15
1199 921 27
1344 1092 6
1654 1932 11
1689 1196 12
1677 81 7
1886 695 12
625 923 10
459 1065 6
1224 1955 5
1394 435 10
118 951 29
593 647 7
543 1158 10
723 1620 12
886 2063 12
1041 1947 11
1162 86 11
712 2048 9
1684 1724 8
1632 1058 12
1037 955 12
962 677 19
904 1598 7
363 1214 8
845 2048 12
1807 860 20
1112 1451 7
1362 609 19
996 1107 4
1574 1753 9
245 1086 9
519 1100 7
949 1729 7
1350 1639 4
130 488 7
769 1479 8
327 486 8
1209 353 8
320 1184 10
914 1418 5
1895 1590 7
1366 1338 8
1460 732 8
1439 2013 10
1108 1487 8
1723 2014 10
1047 26 4
993 355 5
915 27 8
61 1760 7
983 425 27
602 1279 10
841 595 10
720 1290 4
1224 105 6
464 1435 7
964 658 9
376 1198 7
1928 943 12
1434 504 11
382 2 12
379 327 10
1713 1758 6
1870 2018 7
883 776 10
2043 299 12
822 1364 11
939 1234 10
1754 601 8
1747 769 12
434 1044 20
925 1043 7
567 1416 8
1156 1025 6
114 51 11
1888 3 11
664 1698 8
1219 2078 6
852 72 12
483 967 8
750 4 5
324 2026 7
1408 1569 12
1011 606 10
1499 501 8
999 5 7
1412 640 9
1188 1569 9
366 867 8
694 1782 6
1467 978 11
106 552 9
1188 934 10
1087 1973 15
19 1421 4
538 1359 7
859 1441 7
86 513 9
1459 123 10
400 726 8
996 499 4
1596 1026 12
753 1619 12
2023 1265 9
402 1429 7
31 1340 12
1318 1307 12
1835 1289 10
1551 1411 8
665 51 7
1389 1578 5
1996 371 12
338 397 9
248 1994 12
1966 176 6
1763 2038 11
1358 1188 11
1415 257 10
92 62 9
1722 1962 6
70 896 5
1123 2005 12
1900 307 12
982 50 10
756 1836 7
1101 113 15
630 1225 6
1075 1043 6
694 1711 11
957 469 5
936 1234 15
339 1879 12
1519 567 11
1153 1613 6
306 1288 11
818 1416 7
1083 1017 27
307 416 9
1433 1656 18
753 1693 27
1645 1169 6
1246 1304 8
757 69 12
602 824 12
1652 1924 10
370 1828 6
1845 339 19
1476 1766 12
112 164 4
691 695 27
1252 1944 12
982 683 12
2021 6 6
1204 1316 19
1552 857 30
268 384 9
936 1762 6
1424 637 11
511 1235 6
861 679 12
1887 26 5
1532 1243 8
1743 231 6
103 1805 30
756 1226 12
535 1273 7
642 322 5
437 840 10
1591 653 5
772 825 20
335 1180 9
15 1510 19
120 697 6
1995 11 7
680 267 4
1185 1823 8
591 409 12
137 1000 15
98 210 8
1498 147 9
1239 878 15
2031 1996 8
466 1457 10
1176 1861 6
1534 727 11
1000 1702 7
1635 607 7
591 2023 9
320 86 12
1862 1447 6
373 827 5
1393 687 12
351 307 6
1130 823 6
1596 1917 6
1748 1958 10
881 677 7
1919 1924 18
493 1111 7
1579 1397 11
206 1964 10
1147 1645 6
1167 805 6
1670 1737 27
582 204 8
110 443 6
688 2003 10
538 1219 28
1652 257 7
1878 166 28
1557 1065 11
2025 670 7
1139 1068 9
232 1982 10
1469 983 10
1872 604 6
1696 2060 10
746 75 5
1479 1910 11
1094 790 6
1267 1042 7
681 256 7
1157 1929 10
348 299 12
261 1736 12
119 285 12
64 36 7
1547 1347 12
2089 1719 4
922 1385 10
457 1967 12
776 1942 16
1383 1690 7
827 1605 7
559 1564 11
780 1547 10
1662 1414 6
382 1174 29
1926 1800 7
176 903 6
1219 841 12
300 525 12
361 1589 4
1296 1463 9
2070 558 12
47 534 12
322 506 5
498 257 6
1081 1298 7
1288 116 10
1859 721 6
1161 1982 9
59 1186 24
1728 291 12
616 1787 7
1363 421 7
977 1410 7
829 379 10
1489 1046 6
1888 563 6
456 1301 7
1755 1229 12
1616 346 7
1438 537 12
1394 620 8
1108 380 15
1927 884 11
1363 159 7
1004 1601 9
1372 711 6
360 1482 5
1311 942 12
1468 966 12
38 1636 27
1384 275 8
1474 1390 8
1407 919 6
1694 1759 5
1305 215 20
1923 824 7
1589 1355 8
243 158 28
1067 1932 11
330 1535 6
392 700 5
288 721 12
232 1170 29
1899 286 12
1348 1817 6
968 1806 7
1803 362 7
705 666 12
352 1677 5
5 151 10
1671 1942 8
1427 870 12
1370 578 29
1341 575 4
329 270 7
1514 1593 8
471 299 12
1090 1974 6
2053 644 29
1087 1754 15
1840 1626 5
1715 220 7
2076 1966 4
1267 663 4
139 1597 8
956 991 12
1394 24 7
94 1325 4
1874 1976 8
1313 991 9
1321 30 8
29 210 11
644 1828 9
1205 1889 9
491 2041 12
1969 661 7
1255 666 12
80 1253 12
1257 1231 11
1962 432 10
847 2022 10
1108 2065 15
293 1842 10
174 932 6
1557 1226 12
1647 1671 15
1071 281 30
1799 1114 10
1346 250 7
1669 1297 7
373 809 4
9 32 20
1084 963 12
584 1182 10
1121 182 5
95 1913 4
965 1196 10
1230 24 10
1792 128 6
1581 1977 12
1343 1973 8
1373 1094 6
536 1352 6
67 2010 8
1681 1142 4
375 480 27
1388 2072 5
345 219 9
1034 861 28
1708 730 7
145 646 6
1318 252 8
1376 533 12
1517 1177 7
1162 1165 29
1372 1334 5
1145 168 7
1345 212 7
434 710 8
314 1187 12
315 333 9
1560 336 11
131 1159 6
990 433 12
29 20 8
1961 1297 4
1187 82 9
811 1477 10
1070 369 19
1361 913 7
1014 319 11
173 1200 11
857 1411 11
264 26 5
1048 1316 7
1507 1980 9
138 1828 6
2034 1833 4
152 440 8
1292 414 6
574 1721 8
511 31 7
1814 966 9
497 1783 28
60 1266 10
1750 2075 6
14 504 7
280 1933 11
1173 1814 12
1943 906 5
399 535 7
857 1965 29
1631 1624 9
1684 7 5
120 1260 9
154 598 10
6 701 19
843 626 5
1954 1992 5
1908 121 19
1734 15 12
236 1798 7
158 829 10
2024 1297 6
1535 1595 6
431 1143 12
643 1251 7
1672 1485 7
1422 1308 11
642 761 4
744 1226 12
9 457 15
1462 85 11
498 785 10
678 789 20
1518 2 27
914 1646 8
1267 1428 15
1121 334 5
1638 850 19
467 288 12
920 245 27
573 1545 7
1516 1857 8
831 1631 12
1095 1351 8
1601 1953 11
1730 1904 5
1047 421 4
1680 980 11
2089 1794 4
988 790 6
490 67 4
1219 755 10
519 1627 7
978 72 8
333 147 6
203 1636 12
1063 211 10
1254 1743 5
1094 205 6
1504 602 23
1104 1116 6
1411 1070 10
1044 1768 11
311 395 8
1144 761 8
1152 1815 6
1495 1318 10
334 1460 7
964 1588 11
1063 734 8
998 681 28
365 1491 11
725 245 12
1266 1253 12
374 627 6
1600 1226 7
808 367 7
474 225 5
1092 804 7
887 145 8
925 1418 5
1019 634 12
1594 1676 24
271 1093 6
1847 479 19
1587 1229 11
301 1295 8
320 1079 10
1073 484 7
116 2005 12
1925 679 26
589 1985 24
1535 1477 6
97 1367 7
1779 1876 12
392 95 5
262 620 12
1164 2033 28
171 425 12
685 1362 10
778 447 8
668 101 7
723 351 12
477 1301 7
1603 1305 6
322 1147 4
162 549 15
1110 820 15
1372 260 5
1161 591 12
1507 369 11
1201 469 5
55 1410 4
2023 1982 12
517 1396 6
838 123 19
632 839 11
947 709 12
226 2070 7
950 983 15
1459 804 10
1841 431 15
412 1679 12
652 1058 12
1815 377 5
2070 994 30
1493 1806 12
822 926 7
349 48 27
1979 1477 10
1903 1381 9
588 760 10
896 1800 4
1772 251 8
584 458 8
2082 585 8
398 1190 8
1383 1301 6
1610 1972 18
944 2055 16
870 1749 19
1440 1952 8
6 341 4
2021 572 8
1700 1977 24
266 166 10
1363 1303 4
528 2018 8
2023 452 9
1542 907 9
288 1704 7
37 1484 12
616 1427 11
522 1820 7
334 1922 6
1495 1514 10
1601 1449 9
468 1014 7
801 1347 12
561 1794 5
1695 1979 12
60 448 11
1476 124 11
1073 406 15
1048 1472 12
1481 701 8
1518 755 11
1770 1169 5
127 1566 6
465 1065 7
725 217 10
628 43 5
436 1475 8
61 782 6
558 1814 9
281 1689 10
266 635 19
941 536 6
299 1967 9
651 805 10
1038 1171 12
1195 1933 10
1531 934 8
1688 1096 14
1229 1700 9
251 104 20
1542 1203 12
1784 1018 11
532 1635 4
1726 1470 6
86 1604 10
1818 7 8
1900 1432 10
503 2013 12
1425 1313 11
1591 1793 5
93 1362 12
1123 908 6
1732 276 4
497 1082 8
588 1296 12
891 386 4
192 677 10
38 743 8
847 1569 12
1320 109 6
474 1773 5
184 1912 10
569 978 8
522 1959 28
5 1642 11
1215 231 5
726 1961 5
1854 124 12
1018 271 12
993 201 6
171 2027 29
720 21 4
972 1011 28
1643 1912 12
736 1858 8
576 524 4
895 1360 4
1049 165 11
1669 1988 5
1935 1547 12
669 734 9
58 1118 6
1169 676 5
1011 863 6
97 1250 7
47 1356 11
1095 763 28
1323 1529 4
1751 1603 6
960 1619 12
127 900 6
2062 1221 6
1938 1718 27
1581 351 9
1048 1982 7
1275 971 11
398 997 7
882 1872 6
1613 1701 23
1423 714 12
569 381 11
810 1484 10
1801 97 5
645 1434 10
1283 481 8
540 873 6
771 789 10
1146 1267 6
1985 1597 11
1001 1088 8
66 41 11
845 2056 8
332 1012 12
1171 192 20
1803 481 4
403 2060 8
1505 1028 10
1835 1191 28
1389 1602 7
1967 1980 24
383 441 7
1106 151 7
2014 29 8
517 242 4
1335 1686 12
1667 2040 7
479 488 6
1144 168 6
1166 1075 5
1777 867 11
737 1446 4
712 1692 6
103 1347 9
847 1746 10
1934 1661 12
1527 1627 10
1975 1898 5
2028 1122 12
639 121 10
2041 1431 10
412 1957 7
756 1838 11
1862 1688 7
1956 1202 7
1359 758 30
1591 1721 6
1407 1957 19
1105 1883 16
309 2020 8
354 1262 8
1692 1901 10
502 1185 8
536 866 4
1515 1880 9
975 1756 10
530 361 8
2073 718 9
739 869 12
1117 719 15
2011 929 5
975 1814 10
1093 486 12
1762 1142 4
1423 918 11
470 2068 9
2084 1825 9
958 565 27
1307 531 6
2029 607 6
359 691 8
787 25 6
772 1956 15
936 1645 20
961 230 4
430 709 12
1856 37 7
872 1737 12
848 1236 10
727 486 10
148 1864 19
807 1609 12
1389 267 6
754 1299 17
1926 1190 8
759 114 11
162 1763 15
1774 16 4
35 293 8
3 740 10
1095 1102 11
143 35 12
488 144 9
1934 1737 11
1518 1282 7
1885 965 12
691 991 7
1572 1043 6
1855 1925 8
792 1957 12
1885 291 10
742 1071 7
1737 1661 10
1506 1180 8
1469 1409 8
92 534 11
1399 1555 6
1642 480 12
1420 2086 27
1232 1699 20
65 1695 10
704 1848 18
337 367 6
1673 1410 7
1451 1466 4
166 1125 12
1211 729 12
182 275 4
1442 1230 6
15 863 6
387 1208 6
1674 446 7
1285 418 12
265 1111 5
1 397 7
497 381 11
456 1773 8
1562 1052 19
1183 1146 6
736 1548 6
280 1368 10
1517 485 8
99 1944 9
311 1794 5
994 2033 10
703 1636 12
364 1077 6
461 544 7
1549 87 19
505 695 11
2006 512 7
1856 1781 9
967 216 5
1922 1073 6
8 918 8
528 1664 5
549 1058 7
774 868 7
683 36 9
1256 2016 11
954 605 5
233 1602 4
1945 1811 6
515 787 12
64 1876 27
1378 1277 30
2016 2 19
1771 2021 4
615 91 10
1393 1364 11
839 228 12
606 618 10
355 231 5
586 1440 6
1130 546 12
482 1114 6
43 879 7
350 1158 7
873 1686 9
2049 822 10
666 1533 20
123 381 12
1684 1273 6
584 291 12
1554 136 10
1457 1432 12
1948 1228 8
162 1320 6
825 1413 6
1079 813 12
515 564 7
1841 1361 4
300 1984 6
346 1848 10
1624 261 9
1770 2074 5
908 1288 12
1686 687 12
1403 233 6
1027 234 6
2004 662 10
1003 1091 12
612 619 13
1662 168 4
568 1180 12
737 547 5
1321 117 6
2000 855 8
1356 1216 9
1941 155 20
539 728 10
904 309 4
1730 1743 6
1495 252 12
2015 764 7
900 21 4
9 2040 6
373 204 15
249 762 9
1914 1633 11
964 1038 12
1001 1116 4
1975 1874 7
361 1355 4
1683 649 28
904 1493 8
2079 840 12
1385 1612 16
553 452 10
907 1556 9
1259 810 12
1004 62 12
425 986 10
254 49 11
508 72 9
746 1791 4
1481 175 5
2047 521 6
654 1854 11
2089 1389 4
1999 1409 12
1115 335 11
748 995 5
114 1908 12
1201 770 8
1266 1091 11
1649 131 5
597 837 11
1932 1622 10
1905 1107 6
868 449 10
997 1190 4
1091 1679 9
1374 1616 10
1771 1128 6
640 1015 9
681 1177 12
1354 2068 12
1912 873 6
1504 200 12
207 1510 6
2061 1764 10
878 1933 11
924 2053 11
356 1796 5
31 1723 30
1051 1441 23
408 627 8
113 716 7
784 608 11
1344 1540 8
1187 1710 18
1956 33 12
1231 437 20
1876 118 30
590 112 8
1521 33 9
2090 484 4
119 1676 10
912 1985 7
1342 761 8
1919 304 12
255 780 12
1071 600 12
1194 731 7
317 888 10
1956 123 7
1554 1842 6
1644 2048 12
1483 45 7
1525 1680 10
1372 1611 7
1023 1679 12
2084 1595 11
143 1109 11
1274 506 5
535 1299 6
958 2069 11
586 283 5
1148 673 10
2052 2008 10
1890 1838 12
32 849 6
1759 1648 4
1677 1312 6
394 136 12
403 922 20
1341 1302 8
424 1790 4
796 663 8
1279 595 10
1211 1186 9
799 128 9
281 1997 19
125 213 9
1583 1978 5
1056 1238 12
400 426 14
1561 481 8
292 1342 7
593 1301 4
1812 1668 5
1599 145 8
411 1444 12
1522 773 12
1754 1245 7
477 1602 8
1941 1622 15
582 240 8
268 52 6
250 1332 9
113 283 6
282 1619 7
1645 193 6
1204 91 6
1162 1889 10
1986 1707 6
1473 1286 5
42 1254 8
1733 605 5
1193 384 8
764 1515 10
329 1721 6
1087 1334 7
1500 238 9
1271 362 8
1891 709 26
439 1729 10
1891 1443 20
271 840 19
821 1099 11
963 495 6
1012 1099 19
855 526 8
971 1090 10
645 1836 11
1205 1255 12
1029 411 12
708 853 8
1316 1131 12
1708 908 12
708 1285 7
1556 1752 20
600 291 9
1272 40 12
1005 1430 12
1163 934 12
618 238 12
1762 1943 4
239 304 11
21 1022 7
1124 1062 11
677 1028 12
1846 1649 8
1204 1959 10
1148 40 8
1914 1621 12
171 886 11
497 297 27
1971 1220 12
31 723 10
740 683 6
1208 1918 5
1032 338 7
1142 193 4
1875 1743 7
178 249 12
1117 435 15
1335 148 12
941 246 7
887 1401 7
1239 1807 6
1987 171 30
1027 491 10
1201 1464 5
262 102 6
654 1057 12
325 470 9
1763 285 27
729 1825 12
394 1842 7
659 1377 10
1624 986 9
273 1015 11
719 2054 8
1685 1404 5
1694 1431 8
324 537 9
994 1019 12
696 987 12
1714 1784 7
605 1961 6
344 1507 10
2055 810 19
1095 1253 7
927 852 7
1977 251 11
99 1050 6
909 1399 10
8 41 12
65 1825 8
647 561 5
1392 720 7
1140 985 4
518 1847 30
1436 1197 6
927 604 12
612 16 5
840 829 12
1798 592 6
2049 1317 7
638 1873 12
1354 1308 11
1768 1712 11
1453 258 4
1253 448 8
768 700 4
1224 1665 5
63 70 7
1471 1803 6
1978 1299 6
1851 1216 12
411 800 10
1506 1749 7
1293 1231 12
1401 1088 4
850 1932 12
1865 527 7
1199 431 28
1940 2025 4
2020 462 28
475 123 12
499 2017 6
797 1725 5
63 896 7
1783 1390 7
1135 2083 11
1380 1151 8
220 1545 4
2056 883 20
379 1906 8
354 1022 5
1786 1903 12
212 561 7
1664 1667 8
1647 1870 7
662 1767 8
1931 653 5
1981 1743 8
1494 581 29
137 1795 7
650 1377 11
2003 1082 16
1689 614 7
1348 1490 8
157 1890 10
2006 1732 4
673 2087 10
1541 1709 5
364 650 12
83 388 6
802 1208 8
2028 1133 30
405 789 18
337 400 7
1011 513 12
1144 506 7
1069 1382 8
583 610 27
1841 244 6
849 1651 6
1986 1357 6
167 782 4
1647 2020 15
316 1051 6
50 3 19
420 962 12
1329 687 9
1325 1819 6
1763 2065 28
83 1085 10
724 1282 12
60 980 12
1504 250 6
281 515 10
1331 1678 11
504 984 9
1711 1706 10
1714 727 8
1842 50 12
14 157 8
1300 2034 8
2050 925 7
1443 1897 10
2040 1796 4
1676 2068 11
479 121 6
641 1935 28
1546 298 4
1230 1514 28
1789 654 7
827 1299 5
2039 1243 7
270 1721 4
968 480 12
1939 549 10
1155 270 5
1672 1201 5
966 1040 24
284 520 30
1612 1696 19
2069 514 10
748 782 6
1576 1673 8
76 935 4
933 1395 5
69 1942 10
358 1923 12
221 862 4
119 1946 29
772 473 6
1283 231 7
73 576 6
1701 1536 7
127 1544 4
454 195 7
1275 1680 9
550 1140 6
490 2010 4
979 424 8
1147 506 7
1644 420 11
1462 1085 12
727 217 7
1596 639 12
1334 1451 5
235 247 8
910 693 9
1493 762 7
1195 1296 10
1935 1528 11
1081 1122 27
1938 1171 9
1239 1242 7
1669 954 5
1699 1633 11
1207 1332 12
1524 1370 11
325 1676 12
1422 1682 12
1209 2077 8
1002 342 10
1239 1511 15
889 121 7
258 1884 7
690 1500 11
525 1203 24
1687 710 10
902 404 8
1300 1331 15
1964 2005 9
828 339 10
237 1381 11
903 1227 4
48 1253 12
115 1861 7
1152 230 7
464 2050 4
802 10 6
214 1898 7
1959 1131 10
1645 2037 6
2079 1465 7
301 1970 7
1278 1869 5
139 255 10
587 646 6
445 1800 6
1278 168 6
1722 1056 7
1005 433 10
223 1961 5
1411 1006 12
1238 1115 30
1129 631 5
427 339 12
1038 2048 12
1108 162 4
1550 783 8
932 348 10
2032 1181 12
759 1917 7
1051 1376 6
1720 1419 6
1016 1879 11
924 370 12
1677 1719 8
1875 1159 8
1837 1512 6
448 1675 11
1670 1062 11
792 1090 7
462 1538 7
461 177 8
1478 1872 19
399 276 7
1963 425 11
743 1636 19
574 270 6
212 352 8
1767 443 12
550 263 4
102 503 23
1084 47 11
757 892 10
976 657 6
563 683 6
1527 1298 10
371 1731 24
360 1803 7
770 577 6
751 78 6
407 1500 9
461 1796 8
758 1032 12
1164 1470 10
559 323 12
1272 299 12
665 144 12
265 290 8
973 1743 4
2015 1398 6
1133 630 19
1335 661 11
639 144 10
1504 595 6
133 1900 8
693 404 9
1 1282 8
445 469 7
1173 129 8
1987 1085 9
1361 547 5
329 1446 8
978 804 26
271 158 10
374 1100 12
487 1136 12
53 1411 12
661 494 11
845 1028 11
414 164 4
241 1939 8
24 1179 12
419 614 12
1552 52 6
1742 1617 10
1771 1000 8
752 409 12
1436 1885 10
833 1547 12
1554 828 12
278 216 6
380 486 11
136 1258 9
822 184 27
1812 1719 8
44 1753 8
1522 1619 12
1750 784 12
527 1857 4
1537 709 12
1531 1569 7
2049 187 12
118 982 11
1986 989 7
1665 2072 6
1468 1470 7
1191 845 8
554 927 11
350 407 27
1895 488 12
471 1263 7
700 1054 5
81 2035 4
1076 274 11
1841 240 15
1593 1891 8
1049 416 12
1029 1488 10
636 2060 7
1268 761 8
975 880 6
156 1805 11
1674 362 8
69 765 9
1072 567 8
1461 1182 12
1723 133 10
152 954 4
1480 1231 10
1166 914 7
574 737 6
1161 452 12
359 112 8
182 55 6
410 527 5
1693 955 11
232 411 11
1327 1611 8
1532 1839 4
1511 1781 7
628 161 7
1872 123 6
1099 256 10
1803 1413 7
579 1437 16
1382 1159 8
706 831 10
98 745 5
174 344 7
1379 298 8
237 601 12
2040 2018 4
699 1873 7
337 2024 20
727 1906 9
2014 351 7
1832 1455 20
1284 1418 8
1685 716 7
1141 616 7
399 357 7
1453 1033 4
162 667 7
819 258 7
640 548 27
228 1994 8
928 797 8
343 21 4
191 1866 8
1631 1085 12
1439 1179 10
1546 1366 6
667 310 4
1795 1352 4
196 1904 5
390 421 7
135 525 9
1923 836 9
735 886 12
1113 1692 8
1674 481 6
1541 1827 8
787 529 9
1574 812 27
659 533 11
1638 1536 6
950 1034 15
514 603 12
1487 1483 19
1672 1190 6
518 203 11
1505 2048 10
1618 302 6
957 1954 8
117 285 12
1950 1517 8
1304 451 8
353 1448 12
1980 40 11
638 1412 9
1353 1337 7
1997 564 23
1206 1063 12
752 472 11
1113 551 9
483 216 7
1067 1696 27
796 1375 6
1224 1933 8
1620 251 12
1620 104 18
1617 78 7
1658 1296 7
292 2074 8
1478 475 10
1569 274 8
753 496 9
1735 41 12
2081 1692 6
37 650 9
360 772 6
668 432 12
382 397 10
2079 710 7
682 159 4
492 1589 4
699 1221 8
408 1081 6
1195 998 12
1748 990 7
26 655 4
1855 418 11
1324 69 11
1584 1829 12
1354 579 10
1609 371 9
397 1753 11
1207 44 12
331 1542 9
597 1059 7
1436 1182 8
794 1650 7
1849 1964 12
1817 1547 7
2017 1905 5
1027 1556 8
365 498 12
1505 1835 12
2050 1402 8
201 1215 7
862 1991 8
1647 9 6
1976 216 5
151 1731 9
955 1915 10
1535 68 23
412 1253 8
642 617 7
1454 258 4
1029 1486 10
914 995 5
1003 980 10
227 1123 19
214 1353 4
1226 504 12
830 607 5
798 1415 9
582 1140 8
1320 379 15
1543 10 4
1094 27 4
1428 1022 6
1610 556 12
636 850 12
834 926 12
224 486 16
1517 878 10
90 3 11
211 294 12
1452 1329 27
2023 615 6
657 1839 4
1306 1180 12
1827 1178 8
669 1592 11
1087 329 4
775 1538 11
1968 1270 5
1439 620 12
1684 1732 7
585 660 26
1399 1183 5
148 1584 6
458 1136 26
808 1961 8
780 858 10
685 1595 12
545 1310 6
1548 1350 6
277 1696 12
1331 1736 12
318 1474 12
333 1915 9
37 1928 12
557 1138 6
1125 149 28
156 103 12
1804 825 6
1251 507 8
833 1597 9
1168 1735 12
122 930 6
445 896 7
205 1395 7
557 1223 12
1117 436 7
803 339 10
1353 1363 5
2032 186 7
1308 1946 11
1750 1661 9
323 1377 8
1277 893 12
149 1138 7
350 111 12
1641 1816 6
664 549 8
487 529 11
1807 1201 7
1109 36 26
227 1356 12
1329 1894 30
65 1477 19
1885 2069 10
1052 1784 23
820 1362 8
1537 262 27
1717 1621 7
624 16 6
494 1512 9
1280 594 12
1183 343 6
528 1208 8
1348 1479 9
1945 165 9
1021 614 11
182 592 6
739 741 10
1886 1792 27
1975 453 5
1496 956 10
1255 1500 12
1166 1646 6
1830 2024 6
1179 1394 10
2056 1289 26
2031 864 8
534 730 10
1152 377 5
376 1022 5
463 1107 5
1887 684 5
1301 225 6
1659 1192 10
323 1172 6
1777 2042 8
255 1989 10
602 2078 7
390 655 7
1395 1455 6
1920 1721 8
1473 1466 5
2056 1850 8
467 1859 19
1361 1199 15
568 1787 6
347 1783 15
1157 1347 12
470 1682 12
1800 469 6
1634 1198 7
476 1305 8
1025 1536 10
625 728 19
1187 1381 12
1644 1901 7
1434 1838 16
1698 960 28
508 1540 6
1859 1463 12
1403 225 7
656 1132 20
1958 433 11
277 284 27
2013 1212 9
1237 345 7
1963 1409 12
1196 2069 12
741 1864 12
520 340 11
1342 777 5
931 2000 4
1530 169 12
562 1864 10
673 932 12
1601 1802 27
1067 1078 7
7 12 4
619 26 4
762 2045 11
691 2032 28
347 360 4
292 676 5
57 2057 6
1543 555 7
1140 185 4
983 85 11
1149 1145 4
42 1159 7
976 19 5
839 1868 11
1013 1985 9
1322 291 11
1105 198 12
163 1990 10
1764 1237 12
758 1346 10
1357 1635 4
826 492 7
274 510 11
1862 116 15
337 708 15
861 1491 7
624 1774 7
649 926 12
781 1753 12
237 707 16
198 1031 8
2012 607 5
1497 129 11
65 93 6
133 1945 12
573 1327 4
1754 1223 12
816 1114 12
1673 1884 5
937 58 4
1205 111 11
715 1719 7
2071 310 4
1274 1169 7
952 1753 10
834 184 11
1878 1125 6
1284 1096 5
1110 642 7
308 1439 10
1303 1874 8
706 1987 12
324 1437 10
1830 305 6
130 209 8
1681 1725 4
2043 1193 8
879 790 7
603 153 24
49 144 26
572 691 10
767 1225 11
1821 1708 28
452 1444 6
1154 887 5
898 817 4
391 830 8
836 1174 11
2053 1397 12
888 1873 11
1394 1212 12
963 1964 9
1286 67 4
1269 1729 12
1248 537 8
1669 731 7
368 782 8
1720 307 6
1349 863 10
1704 1099 11
531 370 27
1503 1729 12
845 1171 10
1822 161 5
722 88 7
774 1232 11
1971 1539 27
895 862 6
1582 32 6
394 803 10
571 1420 9
1212 1424 24
370 2053 30
187 1317 24
1463 546 24
1801 1111 5
1393 678 10
765 551 8
909 1622 8
1572 1646 6
1593 1179 11
372 1813 19
1849 1449 12
2078 2016 12
457 2020 10
621 554 30
818 1225 7
768 1796 4
1688 1760 5
151 404 12
1742 324 12
1843 246 4
940 425 12
245 107 6
757 1445 19
649 1584 6
1508 37 10
80 1102 10
2017 843 6
915 862 7
1738 674 12
150 1563 12
560 871 18
1959 91 6
1514 122 7
126 223 8
1251 95 5
903 1166 19
319 266 12
976 835 5
1030 175 5
1620 1581 9
32 424 6
86 1205 7
501 1128 8
1386 588 7
1097 2028 7
577 1464 5
560 2013 12
2077 476 7
395 1812 7
446 1743 4
702 674 10
247 1158 26
13 80 28
1854 970 11
1137 658 24
1110 936 6
1277 1660 10
2079 1480 8
1428 1709 4
1006 348 9
1855 304 12
467 1386 10
697 93 10
741 1393 8
888 743 16
1471 1649 5
2039 517 7
1396 363 4
868 1024 7
68 93 7
1515 1126 12
1745 159 8
1224 1705 8
639 130 28
1981 1159 4
285 451 10
958 1053 28
520 1655 10
791 407 12
1328 621 12
759 1873 12
770 1800 8
993 1561 7
1446 653 5
1120 989 8
331 135 12
1911 1990 20
1048 1702 8
1465 1220 9
1744 731 8
1781 1564 8
1941 2089 6
1005 504 10
1339 1538 9
1367 605 7
1884 1338 7
2058 1285 12
1444 660 9
1134 2072 5
580 1580 7
544 1796 7
900 1634 4
549 210 11
126 1961 7
1172 2055 12
451 78 6
1167 1930 12
1917 743 12
2066 1880 10
1826 432 12
148 678 8
1690 1301 4
1563 135 7
140 1100 24
764 2004 30
1785 629 7
1144 2002 7
1369 702 12
1471 1159 5
92 730 12
220 1286 4
1807 997 6
2081 658 12
987 1163 6
1691 779 8
673 181 12
1679 1680 24
358 1937 11
802 1326 5
2022 140 9
2051 1659 23
1887 1337 6
1087 220 6
1723 1900 12
1350 1858 15
1247 795 10
115 1154 8
1534 1687 12
750 1435 7
56 121 10
1234 1477 7
1425 799 29
1068 679 12
55 258 4
1390 100 11
865 609 12
1189 1138 6
1480 434 8
342 1012 16
1955 1315 4
2036 60 20
786 1106 12
1580 1558 8
1083 679 7
738 527 5
252 930 12
1131 1048 10
2089 267 4
1792 135 9
39 1739 4
640 488 11
196 201 8
1946 30 9
