1974 5350 30
1188 551 854 1521 287 143 56 617 1248 1208 301 39 1470 1095 893 1426 1753 1592 772 795 1077 1905 1446 922 341 1138 333 701 948 1091 
1 1 1 1 1 1 1 1 1 1 1 1 1 1 1 1 1 1 1 1 1 1 1 1 1 1 1 1 1 1 1 1 1 1 1 1 1 1 1 1 1 1 1 1 1 1.5 1 1 1 1 1 1 1 1 1 1 1 1 1 1 1 1 1 1 1 1 1 1 1 1 1 1 1 1 1 1 1 1 1 1 1 1 1 1 1 1 1 1 1 1 1 1 1 1 1 1 1 1 1 1.5 1 1 1 1 1 1 1 1 1 1 1 1 1 1 1 1 1 1 1 1 1 1 1 1 1 1 1 1 1 1 1 1 1 1 1 1 1 1 1 1 1 1 1 1 1 1 1 1 1 1 1 1 1 1 1 1 1 1 1 1 1 1 1 1 1 1 1 1 1 1 1 1 1 1 1 1 1 1 1 1 1 1 2 1 1 1 1 1 1 1 1 1 1 1 1 1 1 1 1 1 1 1 1 1 1 1 1 1 1 1 1 1 1 1 1 1 1 1 1 1.5 1 1 1 1 1 1 1 1 1 1 1 1 1 1 1 1 1 1 1 1 1 1 1 1 1 1 1 1 1 1 1 1 1 1 1 1 1 1 1 1 1 1 1 1 1 1 1 1 1 1 1 1 1 1 1 1 1 1 1 1 1 1 1 1 1 1 1 1 1 1 1 1 1 1 1 1 1 1 1 1 1 1 1 1 1 1 1 1 1 1 1 1 1 1 1 1 1 1 1 1 1 1 1 1 1 1 1 1 1 1 1 1 1 1 1 1 1 1 1 1 1 1 1 1 1 1 1 1 1 1 1 1 1 1 1 1 1 1 1 1 1 1 1 1 1 1 1 1 1 1 1 1 1 1 1 1 1 1 1 1 1 1 1 1 1 1 1 1 1 1 2 1 1 1 1 1 1 1 1 1 1 1 1 1 1 1 1 1 1 1 1 1 1 1 1 1 1 1 1 1 1 1 1 1 1 1 1 1 1 1 1 1 1 1 1 1 1 1 1 1 1 2.5 1 1 1 2 1 1 1 1 1.5 1 1 1 1 1 1 1 1 1 1 1 1 1 1 1 1 1 1 1 1 1 1 1 1 1 1 1 1 1 1 1 1 1 1 1 1 1 1 1 1 1 1 1 1 1.5 1 1 1 1 1 1 1 1 1 1 1 1 1 1 1 1 1 1 1 1 1 1 1 1 1 1 1 1 1 1 1 1 1 1 1 1 1 1 1 1 1 1 1 1 1 1 1 1 1 1 1 1 1 1 1 2.5 1 1 1 1 1 1 1 1 1 1 1 1 1 1 1 1 1 1 1 1 1 1 1.5 1 1 1 1 1 1 1 1 1 1 1 1 1 1 1 1 1 1 1 1 1 1 1 1 1 1 1 1 1 1 1 1 1 1 1 1 1 1 1 1 1 1 1 1 2 1 1 1 1 1 1 1 1 1 1 1 1 1 1 1 1 1 1 1 1 1 1 1 1 1 1 1 1 1 1 1 1 1 1 1 1 1 1 1 1 1 1 1 1 1 1 1 1 1 1 1 1 1 1 1 3 1 1 1 1 1 1 1 1 1 1 1 1 1 1 1 1 1 1 1 1 1 1 1 1 1 1 1 1 1 1 1 1 1 1 2 1 1 1 1 1 1 1 1 1 1 1 1 1 1 1 1 1 1 1 1 1 1 1 1 1 1 1 1 1 1 1 1 1 1 1 1 1 1 1 1 1 1 1 1 1 1 1 1 1 1 1 1 1 1 1 1 1 1 1 1 1 1 1 1 1 1 1 1 1 1 1 1 1 1 1 1 1 1 3 1 1 1 1 1 1 1 1 1 1 1 1 1 1.5 1 1 1 1 1 1 1 1 1 1 1 1 1 1 1 1 1 1 1 1 1 1 1 1 1 1 1 1 1 1 1 1 1 1 1 1 1 1 1 1 1 1 1 1 1 1 1 1 1 1 1 1 1 1 1 1 1 1 1 1 1 1 1 1 1 2 1 1 1 1 1 1 1 1 1 1 1 1 1 1 1 1 1 1 1.5 1 1 1 1 1 1 1 1 1 1 1 1 1 1 1 1 1 1 1 1 1 1 1 1 1 1 1 1 1 1 1 1 1 1 1 1.5 1 1 1 2 1 1 1 1 1 1 1 1 1 1 1 1 1 1 1 1 1 1 1 1 1 1 1 1 1 1 1 1 1 1 1 1 1 1 1 1 1 1 1 2.5 1 1 1 1 1 1 1 1 1 1 1 1 1 1 1 1 1 1 1 1 1 1 1 1 1 1 1 1 1 1 1 1 1 1 1 1 1 1 1 1 1 1 1 1 1 1 1 1 1 1 1 1 1 1 1 1 1 1 1 1 1 1 1 1 1 1 1 1 1 1 2 1 1 1 1 1 1 1 1 1 1 1 1 1 1 1 1 1 1 1 1 1 1 1 1 1 1 1 1 1 1 1 1 1 1 1 1 1 1 1 1 1 1 1 1.5 1 1 1 1 1 1 1 1 1 1 1 1 1 1 1 1 1 1 1 1 1 1 1 1 1 1 1 1 1 1 1 1 1 1 1 1 1 1 1 1 1 1 1.5 1 1 1 2 1 1 1 1 1 1 1 1 1 1 1 1 1 1.5 1 1 1 1 1 1 1 1 1 1 1 1 1 1 1 1 1 1 1 1 1 1 1 1 1 1 1 1 1 1 1 1 1 1 1 1 1 1 1 1 1 1 1 1 1 1 1 1 1 1 1 1 1 1 1 1 1 1 1 1 1 1 1 1 1 1 1 1 1 1 1 1 1 1 1 1 1 1 1 1 1 1.5 1 1 1 1 1 1 1 1 1 1 1 1 3 1 1 1 1 1 1 1 1 1 1.5 1 1 1 1 1 1 1 1 1 1 1 1 1 1 1 1 1 1 1.5 1 1 1 1 1 1 1 1 1 1 1 1 1 1 1 1 1 1 1 1 1 1 1 1 1 1 1.5 1 1 1 1 1 1 1 1 1 1 1 1 1 1 1 1 1 1 1 1 1 1 1 1 1 1 1 1 1 1 1 1 1 1 1 1 1.5 1 1 1 1 1 1 1 1 1 1 1 1 1 1 1 1 1 1 1 1 1 1 1 1 1 1 1 1 1 1 1 1 1 1 1 1 1 1 1 1 1 1 1 1 1 1 1 1 1 1 1 1 1 1 1 1 1 1 1 1 1 1 1 1 1 1 1 1 1 1 1 1 1 1 1 1 1 1 1 1 1 1 2 1 1 1 1 1 2 1 1 1 1 1 1 1 1 1 1 1 1 2 1 1 1 1 1 1 1 1 1 1 1 1 1 1 1 1 1 1 1 1 1 1 1 1 1 1 1 1 1 1 1 1 1 1 1 1 1 1 1 1 1 1 1 1 1 1 1 1 1 1 1 1 1 1 1 1 1 1 1 1 1 1 1 1 1 1 1 1 1 1 1 1 1 1 1 1 1 1 1 1 1 1 1 1.5 1 1 1 1 1 1 1 1 1 1 1 1 1 1 1 1 1 3 1 1 1 1 1 1 1 1 1 1 1 1 1 1 1 1 1 1 1 1 1 1 1 1 1 1 1 1 1 1 1 1 1 1 1 1 1 1 1 1 1 1 1 1 1 1 1 1 1 1 1 1 1 1 1 1 1 1 1 1 1.5 1 1 1 1 1 1 1 1 1 1 1 1 1 1 1 1 1 1 1 1 1 1 1 1 1 1 1 1 1 1 1 1 1 1 1 1 1 1 1 1 1 1 1 1 1 1 1 1 1 1 1 1 1 1 1 1 1 1 1 2 1 1 1 1 1 1 1 1 1 1 1 1 1 1 1 1 1 1 1 1 1 1 1 1 1 1 1 1 1 1 1 1 1 1 1 1.5 1 1 1 1 1 1 1 1 1 1 1 1 1 1 1 1 1 1 1 1 1 1 1 1 1 1 1 1 1 1 1 1 1 1 1 1 1 1 1 1 1 1 1 1 1 1 1 1 1 1 2.5 1 1 1 1 1 1 1 1 1 1 1 1 1 1 1 1 1 1 3 1 1 1 1 1 1 1 1 1 1 1 1 1 1 1 1 1 1 1 1 1 1 1 1 1 1 1 1 1 1 1 1 1 1 1 1 1 1 1 1 1 1 1 1 1 1 1 1 1 1 1 1 1 1 1 1 1 1 1 1 1 1 1 1 1 1 1 1 1 1 1 1 1 1 1 1 1 1 1 1 1 1 1 1 1 1 1 2 1 1 1 1 1 1 1 1 1 1 1 1 1 1 1 1 1 1 1 1 1 1 1 1 1 1 1 1 1 1 1 1 1 1 1 1 1 1 1 1 1 1 1 1 1 1 1 1 1 1 1 1 1 1 1 1 1 1 1 1 1 1 1 1 1 1 1 1 1 1 1 1 1 1 1 1 1 1 1 1 1 1 2 1 1 1 1 1 1 1 1 1 1 1 1 1 1 1 1 1 1 1 1 1 1 1 1 1 1 1 1 1 1 1 1 1 1 1 1 1 1 1 
1345 1865 7
1754 348 10
1453 1915 7
233 1769 6
956 1615 9
317 814 4
929 1072 5
1584 22 20
579 16 6
1508 126 6
1473 1220 12
476 1834 6
1866 1602 6
1722 159 10
719 545 6
1419 1835 4
1850 1889 12
807 569 26
941 1725 8
361 887 6
469 209 7
1536 415 7
613 629 8
1872 402 8
1376 906 12
801 942 9
1500 1036 8
1344 239 17
126 605 23
1769 123 4
1750 1690 26
1164 492 12
342 326 7
1925 1555 10
1901 1641 10
1211 934 4
306 1909 8
1048 1610 9
1222 1746 5
871 815 8
230 511 7
688 704 23
341 998 11
922 1369 10
493 1415 7
417 979 8
133 359 4
548 80 5
1024 192 20
393 756 8
1872 303 5
1795 579 20
1606 875 9
1835 1916 7
971 344 6
1397 1786 8
603 1583 7
607 992 10
1439 1047 6
1666 756 6
724 1937 4
1185 124 20
1710 1409 5
568 1327 9
105 1563 5
912 1688 11
1872 151 15
1913 703 30
1377 1585 12
1860 1451 7
1511 1172 24
384 1401 8
1396 699 9
1810 1564 23
381 1855 7
1363 460 7
1070 65 6
1451 1553 23
1212 1113 5
116 1192 6
531 649 9
1376 1417 25
1602 744 8
1317 1083 6
32 1923 12
39 736 18
257 1385 8
381 172 5
941 768 10
1222 1580 6
1830 201 6
1502 55 4
1633 1625 10
932 805 7
1217 1398 8
238 489 7
798 242 7
606 1828 6
857 73 13
1149 1923 9
673 1175 5
887 1250 7
1186 332 6
1253 640 8
1104 1621 6
738 1081 7
164 89 5
728 1349 8
1505 871 29
459 1191 5
1127 1674 8
1344 1171 8
1493 171 5
1624 663 9
1367 591 8
1609 402 5
841 945 6
1284 994 6
987 806 4
627 736 9
784 1752 8
274 436 11
574 1016 4
1593 1879 7
1277 1924 6
1574 1642 10
1320 1331 7
1821 1436 8
515 1335 26
725 446 5
471 972 15
721 298 11
1542 1764 7
847 1796 6
407 662 11
1438 316 25
1498 366 12
291 312 8
21 1602 7
57 593 6
1481 798 11
258 750 26
175 472 8
212 1205 10
301 933 9
717 1087 7
1025 1543 25
1691 1428 27
1693 1545 10
330 1915 6
888 1892 6
500 1028 9
518 1824 8
77 1266 7
106 392 7
1722 1582 8
1311 1882 26
447 1864 10
1779 1081 4
1324 1863 5
74 1801 9
346 1526 6
1461 1589 7
1504 1268 6
1649 1005 10
1490 538 7
655 805 15
1032 759 9
1524 140 8
1547 783 30
894 274 15
884 142 5
695 872 8
991 1877 5
227 48 10
1908 398 14
743 1453 5
285 556 9
934 1361 5
73 1519 7
187 1742 7
1031 148 6
1314 1050 12
1909 1000 9
267 1751 8
141 1269 4
1098 244 8
675 105 7
473 722 25
1169 1432 6
1180 996 8
282 9 10
718 206 14
1925 37 6
1932 66 8
132 1336 11
1236 1050 23
1676 1009 10
322 1140 6
1123 811 12
325 330 5
1529 636 12
1087 1205 7
1388 1645 5
1222 1113 4
872 1066 7
181 1400 20
1633 401 6
1163 587 20
1681 835 8
908 1901 7
1756 751 8
1143 1483 10
123 1436 5
242 1616 12
639 1291 5
1398 748 8
278 258 12
1225 1249 9
1574 191 8
1525 998 7
327 685 6
259 113 12
930 191 11
1373 220 7
1681 1522 5
94 1029 15
730 232 7
1144 216 6
685 1061 4
76 477 20
23 1066 8
1180 1694 7
560 1420 6
267 1715 6
1721 1413 20
182 1510 8
1415 1274 5
1300 1844 30
23 1570 4
20 1543 6
464 969 6
98 1515 8
510 1595 10
788 505 11
14 1887 6
1763 265 7
1478 661 8
236 1285 10
266 1711 10
614 907 9
874 35 20
433 830 9
381 1191 8
1384 263 8
1109 76 8
782 1729 11
1597 102 9
1227 1425 4
1880 1853 7
593 1804 5
1623 1630 10
1894 604 8
1672 70 6
332 678 27
1918 255 8
402 563 4
512 1653 11
1310 1644 11
962 1626 17
471 1031 4
116 1575 5
1648 1752 8
1585 1620 8
825 1707 8
550 992 16
594 1438 6
1086 404 9
74 729 10
632 1489 20
660 575 5
88 792 8
1322 626 7
968 108 10
1910 155 12
1867 1459 22
454 202 10
1246 441 7
561 1290 25
297 1112 6
915 909 5
382 1443 6
1741 452 6
1400 1461 6
1051 1284 7
859 82 7
417 75 7
1185 1077 9
572 1949 7
828 313 8
1700 532 10
670 537 4
588 1668 11
497 739 10
912 784 20
395 873 10
1807 1889 25
1118 178 7
51 1686 5
31 1846 8
337 374 7
399 234 8
94 1273 15
675 1770 15
1051 865 4
1764 1936 8
1503 595 12
1890 525 11
448 1961 17
399 1899 7
218 731 12
1963 974 9
563 451 4
755 357 8
1404 1293 7
216 1322 4
247 1290 6
109 1513 12
1608 592 9
1259 698 24
109 1868 11
159 279 26
300 729 7
147 1373 5
409 165 8
133 945 6
124 1120 6
1551 865 4
1878 1694 4
856 56 9
231 1538 12
1749 1227 6
1753 47 9
1080 1808 4
1857 657 19
310 940 26
1067 1205 10
1164 658 10
1778 928 10
1613 89 5
437 1943 22
1130 1857 7
394 1448 11
1290 1619 10
170 1627 8
1683 149 9
1478 1565 6
945 1113 7
36 82 4
652 432 6
337 1742 5
1752 246 8
1467 535 6
941 965 9
1913 1082 12
1013 202 10
312 557 8
1332 565 6
419 1280 4
219 370 7
583 1208 9
686 619 27
727 984 8
466 1652 7
1134 883 10
647 169 22
1534 1103 20
1961 326 9
1446 1033 9
215 212 20
1965 42 8
576 989 5
444 1030 6
1064 1923 6
1221 1204 5
497 1455 30
947 458 7
1626 1930 11
1419 1274 7
1508 605 8
1819 726 30
1530 563 5
1154 853 23
764 890 6
914 1328 7
1080 597 4
1211 1786 6
329 75 17
1345 1398 11
1672 1959 30
1352 1182 5
1523 650 27
876 400 10
522 5 10
16 980 7
884 502 8
1626 1693 7
1648 1429 8
1149 1270 6
1512 184 5
269 564 7
1370 1839 7
1617 1206 6
408 1637 7
803 387 6
1025 1697 6
683 1654 19
420 1883 10
648 727 12
378 636 10
1261 211 11
419 81 5
1064 491 6
890 1540 6
847 1832 12
1528 1546 10
1568 1380 17
1841 241 7
1945 149 7
901 1631 8
613 1355 7
57 219 15
1918 1896 7
341 611 9
1331 1444 19
709 558 8
675 184 8
803 773 9
598 679 6
75 1667 8
601 106 7
318 1422 5
1438 1259 12
1113 1958 4
1316 1315 11
850 1727 6
1891 91 10
1406 439 28
124 167 9
1129 404 6
158 33 9
784 1336 10
1917 526 4
1728 977 11
1945 490 6
1781 1554 6
957 1071 11
937 52 23
1191 806 4
1780 471 4
360 1348 7
1914 1076 26
1498 120 10
1802 869 6
1781 1621 17
1538 816 9
1633 1429 8
1122 1429 11
853 316 9
615 288 23
1178 866 4
411 1534 8
1045 45 16
314 1403 11
1003 1648 7
1232 1701 6
608 920 30
1008 1373 8
925 1062 4
360 1559 7
1102 288 14
63 1527 11
308 488 8
593 1514 6
845 1747 7
1194 771 7
903 833 14
1868 904 8
1900 1231 23
211 193 7
1835 603 8
476 1495 15
551 855 9
734 839 8
366 1941 26
1321 1453 8
1141 628 11
283 841 6
497 1482 6
713 1497 8
1428 1947 30
309 1852 6
766 785 23
279 288 7
18 1737 6
520 672 12
631 1326 5
651 1004 10
1917 1888 8
438 1199 10
501 63 6
1253 919 5
966 781 6
1776 409 20
120 1671 14
1967 631 8
1817 1783 11
1480 1131 4
468 1800 7
578 929 4
155 1000 26
920 1472 11
1253 153 6
968 1340 12
1845 1218 11
1404 174 11
819 1617 7
201 304 8
1829 461 11
1565 1829 5
1162 470 14
80 318 8
1566 191 11
417 1007 8
1028 495 6
1552 1759 11
716 414 10
1646 1203 4
659 484 11
1517 437 17
574 1427 4
1450 1447 6
1004 1768 26
1047 935 8
1695 649 12
1871 436 8
1835 1274 7
186 1689 6
1507 1090 8
504 742 10
655 325 7
1755 238 17
290 1436 6
1445 1230 6
1602 82 14
1301 492 11
1886 1380 9
13 103 6
778 606 7
868 879 9
1228 642 7
493 324 8
1149 1301 11
1365 842 7
71 847 6
340 292 6
1802 349 4
1600 1345 17
900 500 20
1427 799 7
1091 1213 18
1315 298 11
1552 519 12
1772 1139 13
1960 453 12
1007 255 7
340 1290 17
1592 779 18
1371 907 10
1652 1040 6
797 838 5
984 1577 20
362 1667 7
915 946 7
341 1890 6
1436 814 7
1837 786 23
437 530 7
1870 62 7
1214 291 15
533 1501 10
1676 1158 7
1021 88 9
576 1826 8
894 476 4
492 1398 12
775 1611 4
1411 1032 8
210 752 8
521 1447 12
1279 1004 9
453 202 27
123 392 7
1015 531 9
818 1625 9
938 689 15
950 760 6
1929 676 8
189 24 16
291 543 10
1116 1449 16
480 1822 4
617 778 10
667 1738 11
592 944 6
1239 939 4
209 1096 26
1095 1130 10
1167 450 8
1505 1183 6
1780 1567 15
963 1907 11
611 988 8
1053 366 10
655 952 8
1499 756 6
893 819 10
1905 1505 10
1016 720 6
1802 917 5
989 1559 4
461 34 5
1505 1832 7
1248 1696 9
961 562 8
1623 1712 8
996 1291 7
1821 141 5
278 729 10
1568 528 8
959 1561 8
608 1813 6
193 1930 12
420 322 9
1211 177 8
997 1492 5
1530 1144 4
1906 202 9
147 1937 6
243 1589 11
1258 1405 9
1550 1884 5
779 1524 6
567 1268 5
765 996 5
102 1796 8
1160 665 8
136 718 4
407 53 12
555 252 11
1198 49 25
1018 1411 10
1512 919 6
37 762 20
1449 764 27
744 523 4
1232 999 5
680 321 25
1117 73 6
449 1968 7
196 1098 4
1780 1532 15
403 1499 4
1843 1545 12
445 545 20
600 1279 11
1474 913 7
1893 1737 8
1302 1802 6
993 1373 13
801 770 8
1197 141 6
791 589 7
354 1815 8
1432 531 7
460 596 16
1681 558 6
1887 91 10
1847 409 9
599 757 10
1058 1071 12
14 700 7
1759 1496 8
1781 534 9
1281 258 7
1430 989 4
1421 1102 29
1755 328 8
1304 1874 6
819 1109 6
638 223 10
1415 581 5
864 1057 19
1225 1540 8
1581 1206 6
1197 838 5
735 1459 24
1323 1828 8
33 180 9
681 614 9
508 478 10
582 488 8
1946 1471 17
345 558 7
1391 267 4
1600 1628 8
1646 1531 6
1687 1739 12
70 705 25
884 327 7
1001 186 6
1264 163 27
913 1770 7
612 591 12
737 1529 6
1153 524 7
734 104 4
1147 1010 8
1137 699 11
418 774 4
701 72 9
635 355 6
371 1673 27
1412 1114 9
1927 101 7
1168 73 8
178 1696 27
1009 1814 8
1241 1198 7
892 236 17
680 487 12
890 1331 12
933 767 8
1937 826 7
1286 1418 8
1313 1380 11
1595 1630 9
997 1453 8
181 1758 11
981 1174 6
1687 1485 11
16 1012 23
1590 1620 8
466 1368 8
1738 766 20
1068 1207 10
539 1213 9
318 1893 6
1324 620 6
54 1745 6
1633 1928 9
1493 1894 4
1400 1394 9
240 640 6
1592 1944 10
466 1122 8
459 1855 16
791 309 8
1688 849 6
1295 1915 4
1326 1921 4
611 1412 10
948 268 10
576 934 5
810 660 5
1667 1325 19
935 502 6
802 1436 6
1636 434 6
407 322 10
1574 1174 9
499 741 11
1920 1150 11
541 347 11
97 487 6
854 745 10
557 1567 7
456 1281 8
1088 279 9
837 210 7
477 280 23
5 824 11
167 484 6
1756 114 8
597 1399 7
1031 1878 5
1046 1163 6
1330 762 6
751 1311 7
1001 954 10
1214 1339 15
1680 621 7
207 1193 9
726 28 11
755 149 10
1549 1160 27
1095 1741 18
878 1790 7
791 241 6
1118 1817 11
625 491 10
1076 1403 9
1675 595 11
171 154 6
1210 1946 6
480 804 5
1784 1878 11
257 1911 10
1195 1781 9
193 1043 12
519 793 6
1946 463 9
401 757 6
290 85 4
765 1291 8
1793 1708 7
455 1205 9
343 1599 24
1206 299 20
1232 423 5
594 1140 30
1824 76 11
1934 1277 4
1114 829 10
1123 1364 10
1432 1792 23
980 209 9
1020 1317 19
721 1798 25
1261 444 6
260 1227 5
845 1805 11
289 1 26
473 881 11
1278 357 11
1159 1430 6
243 497 27
1527 984 28
96 722 9
976 980 10
128 440 23
1264 800 8
1457 1239 8
160 1291 4
610 86 9
88 441 6
1208 1579 18
1807 1205 12
1241 1940 10
1506 822 25
634 1642 10
628 1744 7
1389 1255 12
1457 1240 8
720 1238 4
899 1105 6
1719 1347 10
1747 586 10
21 947 8
1150 300 7
144 1334 11
1399 869 4
254 351 8
521 755 20
932 556 10
1404 698 22
363 1534 6
253 1855 8
1509 1042 7
1198 1528 12
795 1104 6
350 1744 6
302 1145 5
255 823 12
212 1087 6
212 546 8
1078 541 8
1437 693 12
1569 482 12
1951 1336 6
604 1537 4
1744 907 7
93 533 6
1933 1661 10
607 1432 7
1548 1111 7
1141 1576 7
895 1598 7
1317 1142 17
527 208 11
292 1678 27
1820 79 6
807 90 9
1193 712 26
222 1854 10
210 67 8
1916 1346 5
997 1084 6
621 1265 12
1794 1184 7
1916 419 7
931 328 23
1589 155 9
1958 359 5
1699 861 7
1523 582 8
629 748 8
1607 117 10
830 1557 26
222 721 6
909 1139 6
886 544 16
1708 1516 12
1362 952 5
450 1724 7
128 30 7
714 574 5
231 1446 9
1832 1858 24
904 972 8
1375 1696 11
148 1635 8
1092 1854 7
219 1368 7
1158 462 12
485 469 8
670 1036 6
143 580 11
1188 1332 18
706 553 8
655 943 20
822 191 12
673 1427 7
32 492 25
539 823 11
345 1522 5
868 605 11
592 351 8
353 909 7
424 149 12
811 1155 26
63 1285 6
86 1223 11
937 433 6
791 694 8
1518 1653 11
1429 66 8
143 818 18
1044 558 6
267 479 4
1491 1970 8
1753 14 10
1635 1180 5
1777 1469 14
1481 635 7
1104 534 9
681 785 11
1381 1172 11
1795 948 9
1357 1363 6
396 1942 16
603 407 7
981 247 9
42 1396 26
1372 895 8
64 280 8
350 195 9
1487 435 5
1862 1256 8
530 1543 8
986 1848 9
992 1300 27
363 1043 24
1146 824 11
182 147 6
1897 730 6
583 1258 12
94 196 6
476 1136 8
1129 600 16
1091 200 10
1847 91 27
238 1858 22
1561 1895 6
1708 296 25
933 1843 6
1360 1817 10
812 620 8
1826 1480 5
454 695 8
1133 1017 5
297 415 10
979 951 7
1061 481 8
1867 1483 11
745 1716 11
1195 1126 9
1011 341 9
970 593 7
1078 1066 8
1780 109 15
482 421 10
15 988 11
374 859 6
1393 619 11
273 1827 9
1051 194 4
1363 1808 5
195 1223 6
1098 1191 7
864 1783 24
1744 907 6
8 1176 26
1304 1603 12
1521 20 6
272 1079 5
150 398 7
152 423 4
1393 610 12
1304 1013 10
1467 60 8
271 321 12
1949 1551 7
733 100 5
1023 1426 9
1687 1623 12
1486 652 7
1885 993 5
465 1773 10
507 678 10
926 1828 10
116 79 8
218 1649 10
852 72 11
513 55 4
633 950 8
72 1498 6
375 1265 11
965 851 6
1484 902 8
1266 996 16
513 361 7
1297 844 6
1077 659 6
866 1560 4
49 662 12
1569 1554 12
973 1743 10
411 1790 9
1392 629 30
493 1419 5
1897 1416 5
253 641 6
424 92 25
793 1591 6
1795 1812 11
1492 1084 4
1648 662 8
185 482 12
1911 1808 5
1569 805 30
1132 357 8
1617 906 24
1536 562 8
1870 173 10
1006 1761 12
1248 1920 10
43 870 5
1634 448 6
1666 1240 5
949 1628 11
826 1494 5
1766 125 25
1625 1601 9
1622 1513 23
43 870 8
1118 1071 11
201 6 6
1278 973 7
41 678 9
225 817 5
1811 1917 5
1388 1937 4
1876 1959 11
403 1764 7
1685 44 9
798 944 7
1913 1871 20
508 1629 30
1973 1429 11
301 411 18
1178 991 20
1813 1698 12
763 223 10
948 1785 11
583 1608 12
1166 1520 8
1440 1827 12
63 236 25
1061 498 7
253 806 17
451 774 4
587 1424 10
1241 1154 7
1876 315 16
39 584 11
1078 1756 4
1951 1336 7
622 602 5
346 908 17
1710 479 10
153 752 5
1190 1537 5
1546 322 8
1522 730 4
268 95 11
910 1938 8
1763 1596 8
233 1179 6
1000 1216 7
1461 1589 6
1287 1878 4
656 1614 7
615 742 6
1885 1079 5
455 863 16
497 1463 12
1255 1782 8
1580 1125 7
440 1452 9
1581 902 25
1084 194 4
1964 1050 11
675 361 5
474 1950 22
1666 406 4
1632 1063 8
1905 1919 9
1383 924 8
188 194 4
832 1119 10
267 673 7
1072 867 7
430 1156 9
431 1652 7
1156 1588 16
448 400 27
194 1453 4
1851 718 6
738 470 8
728 294 5
854 1001 9
348 91 9
1091 1511 11
431 674 8
1297 108 9
663 207 9
214 1172 12
1742 422 6
1297 928 16
1178 1328 8
1487 154 8
1890 1848 9
1302 89 4
1576 1252 19
24 222 27
643 1367 10
1200 1328 7
775 1182 7
1800 1504 6
1348 934 7
163 1065 8
651 404 8
684 1561 5
293 1475 4
1485 52 10
1652 84 10
457 920 6
1755 931 6
427 450 15
44 1336 9
1776 1847 12
740 516 6
710 1127 4
1219 1591 30
268 727 6
493 1556 20
1192 293 5
132 1752 8
1035 1632 11
1765 446 4
273 1798 17
1446 1320 10
1451 223 6
1667 858 4
1204 1457 5
653 1680 8
1685 1862 10
664 680 7
417 1161 8
386 615 6
1535 1663 7
857 1152 4
967 1589 12
719 921 8
1815 1735 10
184 640 8
436 1089 8
691 1282 5
17 245 12
218 995 6
1367 433 11
14 1775 11
856 463 20
315 1790 11
1285 1299 20
275 660 8
1825 207 7
1838 824 12
1090 449 5
1386 136 8
121 308 30
215 320 12
410 146 7
187 177 8
548 456 8
245 1858 11
1319 1337 7
1353 502 4
1032 1606 26
1948 1443 9
834 1151 10
1300 1417 12
1093 1815 6
1508 1316 17
86 1615 6
1579 1616 9
1106 1373 4
1831 1289 28
1087 1205 6
891 887 4
1135 1039 8
924 1312 7
1930 1043 11
559 1968 8
1368 1398 11
161 1732 10
542 1362 8
324 916 8
998 1907 24
216 1674 4
1322 1605 7
1539 1434 11
533 1718 12
301 363 11
943 1949 5
56 1830 10
922 1723 11
768 1732 9
1215 1455 11
520 1319 7
1059 1408 9
1414 522 20
1094 669 7
487 514 10
827 1417 9
1609 152 5
1293 316 8
976 984 6
1480 1786 6
379 1055 6
951 1257 26
563 166 8
985 676 5
952 330 4
225 1017 5
385 1443 25
1695 76 6
1690 1612 9
1558 397 11
1041 1224 9
60 1898 20
148 1694 6
51 112 8
644 372 4
432 1079 5
393 1537 7
953 1197 8
330 1084 4
158 98 6
1421 683 7
331 1433 6
1148 1701 4
179 110 10
452 1589 17
157 1699 11
893 1015 18
204 974 25
571 30 10
644 1808 5
943 1453 6
1911 1774 6
1777 1903 8
419 1921 14
650 1799 12
772 396 6
1015 780 6
1938 266 20
489 1340 10
1462 472 28
50 1036 8
326 90 26
913 950 10
537 1036 7
1239 1764 4
1167 1110 6
1921 1416 8
476 872 15
2 1101 8
901 1742 6
1656 1907 11
1064 1923 7
1667 1401 18
1833 111 11
1021 1586 27
1140 49 11
1026 118 6
1530 957 15
1728 1725 11
1288 832 9
648 980 12
692 1518 7
320 950 6
274 740 10
795 1271 10
1169 531 10
1723 119 24
1270 313 10
164 1399 8
32 1235 12
1595 1298 8
1821 953 6
389 1764 7
1576 824 24
861 1334 12
1465 405 30
1652 1507 5
810 1319 15
354 1718 10
1573 1236 6
986 1114 17
2 141 5
597 1302 7
1770 1272 8
823 1657 11
1826 1658 5
909 496 5
969 464 4
1641 228 26
1742 307 5
1308 700 12
370 1224 26
631 1921 8
277 1586 10
1302 1613 8
396 1582 6
1108 130 12
1022 421 6
369 1604 9
1361 374 5
1173 1689 28
428 870 7
559 817 4
727 1045 9
1280 684 4
1339 739 7
234 1435 8
1564 528 11
974 1632 12
1183 383 8
812 620 5
1369 1177 11
1695 531 10
290 106 5
813 83 23
805 1661 7
1027 823 23
261 1487 6
1859 589 6
1402 823 8
1489 1315 10
1432 543 6
1838 1926 25
1552 504 30
1866 1361 5
682 1737 6
1220 415 11
306 1216 14
1482 1842 6
1802 1845 5
1669 967 7
1395 1296 5
1501 289 8
333 1861 10
1646 145 5
1219 707 6
50 1880 7
1881 1477 9
935 359 5
1289 335 20
525 251 11
1208 737 9
551 1761 11
1457 756 8
826 1888 5
1430 1849 4
584 1668 24
799 410 4
1939 151 30
1724 1748 7
780 531 17
23 450 8
588 584 12
1910 1589 10
17 1183 12
1887 1341 9
1873 914 5
67 640 8
1158 1491 12
1282 1531 6
631 870 4
804 38 4
683 1721 6
1788 234 4
270 1862 9
1120 1380 7
423 1127 7
1784 978 6
1925 1601 12
1715 1372 4
634 1777 10
942 1653 8
671 1117 7
1869 73 6
1448 1387 7
441 1086 23
1246 600 10
1933 1126 12
1204 1537 6
239 351 11
1654 788 17
1748 1862 10
1693 933 27
1012 236 9
1130 1669 11
1326 43 6
860 107 8
1916 1415 6
1197 392 8
479 925 6
88 457 9
679 1265 23
1275 925 6
1905 1297 6
938 1911 4
1374 1336 17
1162 554 8
1070 65 7
162 754 8
1779 529 4
1578 1559 4
1910 306 10
1538 223 27
483 1058 9
903 117 9
22 1497 23
324 1546 10
1896 1211 5
11 5 11
61 1273 8
320 1289 8
870 581 4
1540 1638 20
226 555 17
458 792 11
164 1686 6
1555 757 9
538 1644 12
1853 1877 5
809 1928 8
1480 1559 4
272 1888 8
1177 1038 7
1575 451 4
198 1954 15
320 633 10
197 496 4
1636 794 4
1251 642 9
383 931 20
323 722 8
1785 226 19
325 932 15
1954 1384 7
1457 877 10
289 1370 9
563 293 6
12 106 4
978 857 5
869 51 7
274 703 7
1194 615 7
579 980 10
1318 1728 17
899 804 6
1835 557 8
764 974 12
560 751 15
1593 979 8
1614 1469 23
1351 640 5
1766 1445 12
1194 1942 10
179 1383 8
646 1195 26
1570 1354 8
278 903 10
714 799 8
1378 896 12
1905 102 18
647 693 11
1539 546 11
978 1291 7
1205 964 9
115 1279 12
648 699 25
1415 955 6
1739 618 9
1049 1886 9
700 719 19
386 549 10
1035 190 7
1065 1810 20
1734 400 6
1521 390 10
1713 865 4
162 641 20
242 731 25
1120 1380 6
1161 1601 7
905 996 6
512 1516 22
946 1312 15
1287 1548 7
1283 1333 5
865 1366 7
1871 1900 6
362 1724 8
761 430 6
1959 259 11
831 1758 27
621 373 11
1346 81 5
1803 310 12
1090 470 8
463 1128 6
952 1949 4
779 1883 9
689 131 7
461 480 5
362 412 8
1519 1548 8
187 1211 7
377 316 6
486 443 8
919 100 4
538 848 25
1307 1852 8
1579 1922 17
1833 1889 9
894 526 5
1830 1490 11
772 1759 9
339 1090 8
1787 786 8
626 1232 6
1332 149 9
1833 486 9
57 1253 4
736 1374 6
967 1463 25
1778 17 7
1904 1454 27
850 1721 8
1185 163 11
72 1671 10
580 286 6
1634 637 8
1189 1029 8
143 1019 9
1307 1852 5
1087 1059 23
1391 1016 5
924 180 7
1514 1387 4
773 1947 11
785 590 11
1282 1823 8
1578 1131 5
1335 786 11
365 217 8
1952 1187 4
782 1941 9
1296 1808 8
1376 531 12
1437 250 25
486 1408 17
1440 298 12
1636 1238 8
1857 1950 24
1389 1961 12
252 1527 11
80 446 6
87 1193 7
499 333 9
143 157 10
773 1691 16
1280 796 5
390 1676 11
561 1619 6
211 878 7
1691 1653 8
888 735 12
247 1642 9
201 1093 9
1362 1453 7
1956 1385 8
182 1106 4
1255 400 10
1321 1492 11
1701 1135 7
12 305 4
1066 1725 11
932 1170 11
321 347 12
1422 50 6
565 755 9
40 1492 8
217 689 8
256 1019 27
461 897 7
1478 172 4
1797 765 7
54 1611 4
1648 1725 8
682 1853 5
1684 800 9
384 696 6
303 1733 6
1552 386 20
139 1888 8
842 1454 6
613 466 5
1779 1017 5
816 1632 8
1588 30 11
1556 581 7
1128 1471 6
1258 122 8
1842 1115 20
1308 169 11
1772 85 4
1912 1133 5
1663 1133 7
1239 403 6
1178 1268 4
1741 1054 17
881 1782 28
479 1275 6
1040 738 6
699 1702 12
1532 1028 10
1585 965 6
1940 594 27
818 809 6
998 829 6
1470 376 11
1419 1415 4
515 1762 11
1894 154 5
469 520 7
398 1922 9
94 899 4
1341 207 9
1098 1478 7
1392 1217 20
40 1949 5
112 869 17
898 855 27
1252 785 8
1951 1862 6
1894 1240 7
1393 413 12
1144 999 8
1053 1798 8
1295 865 6
1676 1107 7
21 1896 7
1371 511 12
1900 873 6
1637 1745 17
1545 1794 26
186 1923 10
285 534 10
1421 1194 11
1939 617 9
1073 974 11
1181 1558 7
1091 1485 9
1512 891 5
272 1227 6
1845 596 6
944 1005 6
828 1270 17
536 1596 11
1912 1779 5
548 80 8
1673 1818 8
1836 897 5
1908 1005 9
176 1132 10
120 782 8
569 1263 11
610 586 10
476 272 4
1581 1617 12
958 1291 6
1563 513 8
1856 1407 4
675 1736 15
1648 1386 4
1924 1055 4
928 108 11
944 398 23
317 1670 6
1816 834 11
1688 58 10
416 1348 7
275 1100 4
1725 695 8
816 763 9
1391 19 15
1372 1636 7
1535 1017 4
1145 372 4
687 1107 6
573 1928 10
746 1639 5
671 1152 4
539 612 9
1696 278 6
690 584 7
57 1474 15
1747 590 7
1879 18 5
88 1279 10
341 986 18
517 1172 22
1521 158 18
241 691 5
1423 1473 7
1521 1359 11
757 134 8
1775 1825 7
937 433 7
1008 724 7
1623 966 6
520 1971 10
1123 439 6
1418 168 9
1078 241 4
473 637 6
463 1471 10
914 725 6
599 382 9
1754 207 10
1252 11 17
703 395 7
694 751 8
257 324 15
1148 710 5
102 108 9
121 1255 12
431 1161 8
1503 1030 10
1874 1477 25
1919 1231 10
722 637 10
886 729 9
1339 1460 10
641 1840 5
1092 846 8
812 470 6
1608 1649 8
545 921 23
1918 458 8
985 790 6
1255 1610 6
1260 106 5
1400 739 9
1410 1664 6
265 799 5
1486 1937 4
360 1131 7
820 1040 5
547 627 26
237 174 10
1100 1439 4
1826 859 4
1021 1279 17
1067 964 12
109 1394 10
24 1827 11
1851 1386 8
809 1633 9
1312 368 10
385 286 6
1845 349 5
384 1611 5
1325 1352 4
1549 642 8
1055 1531 8
1597 328 11
1679 807 8
1935 1663 5
1533 272 10
565 149 17
840 1624 26
134 314 6
443 1306 20
1607 478 7
1761 443 6
367 61 8
1587 1013 11
1756 589 7
697 389 7
1395 1956 4
1468 335 6
1493 1204 8
1726 1855 5
493 631 8
496 106 8
1448 837 4
58 716 9
55 640 4
1068 1612 12
1506 981 12
29 692 8
602 994 4
544 508 27
685 481 6
1136 1388 11
1606 158 9
1142 961 11
1305 53 8
1447 13 6
97 664 11
1144 334 6
257 198 7
21 901 7
1298 1712 11
860 1086 14
74 1071 8
334 216 6
798 254 10
1647 1961 9
412 1657 7
57 1448 7
222 624 30
1800 1717 5
1855 34 7
455 760 11
1139 496 7
1566 1541 22
272 1494 5
1965 1165 9
220 1079 8
1401 1745 6
184 100 7
896 117 10
687 1814 8
369 1603 9
240 891 4
184 1250 5
693 169 11
432 1494 8
570 1587 23
960 1460 10
1680 310 7
205 1065 11
365 1659 7
1110 1877 4
270 547 8
1803 127 10
538 201 12
639 1548 7
1927 120 29
1483 1459 11
468 18 7
1188 175 9
1700 1380 10
698 60 28
137 336 12
1572 326 12
176 1945 7
156 248 6
568 224 27
896 874 8
1792 902 9
1237 980 17
659 800 6
938 460 6
1760 1953 23
741 1024 8
802 838 4
1042 951 10
855 1059 10
1327 1030 9
1049 321 9
127 1412 14
905 1291 5
419 232 8
935 1342 5
1554 285 9
331 1729 8
1350 281 25
233 601 7
1503 113 11
1349 248 4
1213 433 9
1731 1155 9
1530 1473 15
1490 1128 7
1609 1575 6
1117 1519 5
1421 519 6
450 1752 11
460 1080 6
1402 517 17
560 1379 8
428 1072 7
275 170 5
717 1807 7
1911 596 8
802 317 6
426 159 7
196 244 6
1901 1452 8
942 65 10
1329 83 12
626 152 4
544 1071 8
375 986 9
1254 1732 12
1009 1547 27
1100 469 15
1148 293 5
1631 1007 8
592 1692 9
765 1878 5
568 1790 17
912 1724 30
1901 1442 27
1710 1391 7
129 552 7
275 1558 15
1389 1799 25
900 332 12
387 1947 6
820 1382 6
452 1460 27
430 678 10
506 842 6
1687 1091 9
1485 510 6
3 1928 11
198 407 15
288 1582 9
519 742 10
1557 52 7
268 1965 29
1912 470 6
795 1781 18
1712 1027 20
981 1584 8
1873 446 4
1816 1521 9
464 1401 4
35 1267 23
1274 1416 6
894 1108 15
71 516 30
1478 1855 6
1568 514 27
229 881 22
1821 1269 6
119 1620 28
421 556 8
1176 1171 11
1773 490 9
629 658 7
1337 1165 10
1967 867 4
1661 421 10
1026 781 30
935 945 7
1070 623 6
1941 1671 7
1927 331 6
1933 888 6
1247 956 14
557 649 7
992 531 11
1677 1675 26
1552 772 9
509 1695 6
146 434 5
843 1310 10
56 1093 6
696 746 5
571 41 10
803 623 10
130 763 11
1185 1568 12
1665 1899 7
1766 1462 11
873 740 8
618 937 6
1633 134 9
11 824 22
1038 1881 23
98 687 9
673 720 5
1132 149 11
21 1007 8
360 82 8
1542 877 8
1198 174 12
824 1738 28
26 159 12
1359 1697 6
1751 720 5
1620 570 20
381 1822 6
1549 1848 17
239 9 11
1759 288 10
467 848 11
1350 1520 6
338 1711 11
1690 1955 11
943 188 5
1825 91 6
1728 119 22
1075 633 27
1782 1664 20
1800 1879 5
184 1387 4
1490 199 10
1350 1783 11
409 1891 9
549 159 9
316 1157 10
991 866 5
412 1630 10
635 494 24
788 1303 22
1215 243 16
1112 1735 6
1449 1632 8
1320 1364 29
1776 1384 30
308 400 10
862 601 11
340 1619 8
1305 1404 17
394 640 6
448 876 8
1621 1892 10
1920 896 6
474 831 7
1710 1550 20
1834 724 5
1737 866 5
341 1525 10
1791 251 12
1838 907 12
1409 1763 6
518 543 9
1790 1545 9
586 195 8
871 873 9
1366 1321 8
1048 582 8
476 1388 7
911 1863 6
663 1847 6
339 1355 6
441 1279 7
491 235 8
264 1485 27
107 1262 26
1076 3 11
1769 106 4
1085 320 6
1112 1644 11
569 1799 9
413 590 8
1789 1782 8
1161 1122 7
1304 851 30
1208 1481 10
1039 1701 17
1105 804 6
900 507 30
1849 1397 4
1377 1603 25
754 1333 5
777 1063 8
214 612 25
1375 708 12
1869 1548 4
377 1883 9
692 753 7
147 1645 4
1942 1219 27
479 434 8
1491 110 10
1585 715 9
143 382 6
842 1827 7
1514 1351 4
320 455 9
818 286 8
392 1670 4
226 672 8
1809 1412 23
409 1825 6
988 679 20
1861 1002 6
1259 1157 6
943 1915 7
1558 1433 10
1243 880 27
1382 84 8
1244 1131 6
1336 951 9
401 1625 7
23 417 4
284 704 8
307 422 4
98 110 27
148 1291 5
1570 746 4
1162 1863 5
1355 911 6
311 295 11
640 752 7
1861 860 29
490 13 8
1739 1630 27
1016 27 8
1142 1644 22
1378 1783 12
1635 996 7
1121 1189 8
1736 825 8
1655 573 27
99 893 9
1228 1160 10
264 830 10
348 1288 14
1785 1527 24
1248 886 6
363 962 19
1101 1436 8
1771 756 7
108 1340 9
915 1821 10
639 1797 4
509 76 8
25 1124 9
1488 742 10
1774 1145 6
1720 666 4
1705 837 6
784 1256 9
1103 1930 10
856 201 12
1476 1052 27
200 643 11
1029 1503 7
285 1170 8
1231 844 9
1122 3 12
1918 416 6
526 1486 8
354 93 27
710 451 5
696 645 16
995 355 6
213 1133 5
1447 472 8
1387 1804 7
755 13 9
836 1719 20
815 383 11
1237 1165 27
1904 1854 8
1428 770 10
75 1745 6
1885 1425 4
468 1607 8
1342 142 4
555 1702 11
1592 1467 9
1903 936 26
344 65 10
1221 676 5
1283 244 6
573 314 30
670 1853 5
1156 1452 6
915 353 8
68 1453 16
574 925 7
719 647 17
1675 411 9
1554 421 27
99 780 12
1933 1276 30
665 525 6
1480 1361 5
407 324 7
1864 616 20
1378 1058 25
1648 591 8
1158 33 12
1052 561 6
137 1347 12
432 1834 7
879 397 12
1699 401 7
93 1839 10
1525 1870 11
1226 436 12
1903 69 9
616 1381 10
1242 881 24
1257 58 7
784 1951 6
1931 987 8
1541 1584 28
815 1358 9
912 1685 12
898 1408 8
1346 1897 8
349 1613 4
1185 78 30
948 1045 6
181 1339 30
1052 1659 10
1461 1216 23
1323 801 6
185 1459 12
177 82 8
788 706 11
1083 1220 23
613 529 20
1944 1259 7
1499 676 5
466 431 4
1547 1025 6
1298 1557 9
1351 240 7
1565 244 5
375 251 9
721 632 6
1749 1645 5
1887 445 8
609 917 13
199 961 8
1342 170 4
1276 1126 11
1672 259 12
292 1659 8
1883 1583 9
1656 1114 25
427 94 4
1437 169 12
185 534 12
1660 1592 9
1372 799 7
675 1502 20
283 1580 17
105 913 15
1345 1173 22
280 1074 11
1440 879 25
1308 1119 6
1562 1398 8
1834 1888 16
1250 1387 8
1759 26 6
439 923 20
1379 1713 11
418 423 13
754 897 4
738 213 5
758 1073 6
153 100 6
778 1069 29
1746 945 6
1609 79 7
1331 1406 24
124 347 8
1734 1961 6
736 716 17
1843 767 6
133 1222 6
855 1067 6
102 1082 6
1170 1147 8
1247 667 8
1897 709 6
39 44 6
1562 1164 27
664 1313 10
1372 434 5
954 1270 9
1378 1817 12
1876 705 6
1945 1757 23
1107 33 6
1303 1496 28
1539 898 7
1805 221 8
276 611 27
1665 114 5
734 996 6
682 866 5
915 290 20
922 1604 18
417 1003 6
1388 1079 7
173 1848 11
332 1207 8
1039 1575 11
1716 1562 10
990 1146 6
1430 374 8
298 1729 28
967 1950 12
1516 1762 28
1138 1647 6
687 33 10
1517 1953 8
63 1785 12
1168 734 7
900 430 12
1426 340 18
1668 1640 28
519 396 9
20 33 9
1151 1543 9
290 1772 5
1219 1488 10
1900 108 6
1100 1181 15
218 1974 30
481 575 7
1531 294 5
1342 889 7
123 802 7
838 1139 4
928 436 8
1419 407 8
707 683 12
820 1081 6
1914 37 11
958 1694 4
118 1172 11
486 1075 6
1188 1450 10
362 464 20
641 897 5
230 845 7
1274 558 10
394 752 5
137 1612 25
516 1226 11
1025 1359 12
938 1845 8
1419 1567 8
1384 91 10
305 353 8
437 1814 11
1183 873 10
1590 1881 10
1460 1394 8
1351 887 8
1214 1180 8
212 885 9
590 586 10
200 1511 7
1362 1551 8
1616 636 9
1954 165 11
1836 459 7
567 1110 4
1003 695 8
388 1532 7
1044 730 4
1177 1441 10
1006 1408 25
1710 277 15
250 165 12
1041 949 26
1342 575 5
361 970 6
1715 895 6
1335 1323 9
1710 574 8
1562 1923 11
787 990 27
325 560 4
1533 1885 20
1821 106 5
683 1303 24
118 1864 6
1272 1474 8
140 1546 10
197 1269 5
856 1946 12
198 1357 8
510 433 10
828 1923 9
1756 691 7
1430 1866 20
17 108 12
1271 10 29
1727 742 27
970 1387 5
829 1309 20
520 1702 11
471 557 15
2 1436 5
938 87 15
1511 1864 6
1451 1249 7
257 365 15
1208 635 11
271 528 10
1085 1761 7
1886 1568 6
303 1127 5
1150 1378 7
1807 1831 12
1972 1828 6
1714 352 8
1444 130 8
1312 1814 11
162 367 15
723 954 14
1626 1043 22
1409 1598 5
1343 312 8
1706 352 23
1914 1060 9
17 1858 12
1916 916 8
465 1743 12
529 1682 7
1707 1743 7
1507 84 6
1018 33 10
107 1768 9
205 1049 26
1820 774 4
701 1927 10
777 223 10
1294 1564 8
649 577 26
1314 13 10
1560 1856 7
1812 1012 10
444 1876 9
1221 790 5
390 1491 6
1814 1383 8
504 1488 7
1214 507 15
1314 1736 7
242 9 12
1215 1054 6
1385 1357 7
223 758 8
48 1933 27
1926 1805 12
1894 1764 7
681 1926 9
810 275 7
1705 394 5
1144 692 15
1960 454 30
380 1453 6
257 1395 8
849 270 10
1265 642 11
678 1028 8
529 470 8
935 498 8
606 1516 24
300 117 6
775 718 8
1043 767 28
1474 964 7
1637 858 7
499 1002 12
1758 1216 10
1915 622 4
261 790 8
1047 889 6
1369 1585 6
579 1971 9
1450 176 11
1569 1673 11
1942 549 11
1146 1576 12
604 1190 8
1377 768 12
1780 958 5
1904 506 9
214 1381 12
1715 1427 4
1659 1678 10
949 828 9
770 623 10
1017 1968 5
31 1546 9
868 273 9
153 1512 8
10 564 14
711 1880 5
1251 1809 6
1582 1721 10
23 1122 8
784 1748 9
964 168 26
1528 322 6
501 1337 10
1567 1338 10
1392 1001 11
861 144 12
1341 832 6
1188 1683 6
1294 1810 6
1673 1014 6
1662 971 27
1355 1652 5
1775 1437 7
1723 1318 19
34 661 4
299 295 10
147 1136 5
1218 302 5
121 1138 9
461 806 4
1835 419 7
625 1149 9
1770 633 10
1287 1519 4
976 209 12
1704 1523 10
1405 1974 11
186 723 10
1158 875 25
1341 203 16
1962 1079 4
1916 631 8
382 1655 16
257 1384 15
927 1202 9
753 1094 26
1655 1625 11
1135 293 8
1368 1628 12
914 1036 4
1577 672 23
190 1390 8
1511 1402 19
1386 129 6
1770 885 7
89 917 4
1009 33 11
1053 72 27
178 258 10
1108 777 7
1158 1943 12
386 793 9
677 836 6
1923 370 9
915 1747 15
233 230 15
285 1022 6
528 514 10
1747 221 8
1657 1630 10
743 1551 7
43 1921 6
1031 1694 6
1211 1559 7
238 436 11
196 897 4
1011 1549 12
1728 161 7
955 81 6
396 549 9
1727 549 17
644 609 5
733 1250 4
1192 1609 8
86 787 16
565 821 8
809 757 27
1888 1645 7
1885 1888 6
402 1674 4
1006 1831 11
655 504 15
103 92 11
474 59 11
1107 1151 23
1811 1494 6
1599 1065 28
1730 154 5
300 833 23
1356 668 20
429 49 9
987 38 4
1819 588 6
1442 440 10
1634 722 17
510 830 12
189 1798 6
1056 301 9
380 622 8
48 534 11
1533 703 15
168 1059 7
1783 874 28
287 86 6
1107 33 7
538 1471 12
1291 839 4
95 16 7
1774 349 5
154 1240 5
1711 566 11
1245 750 9
1465 1891 10
105 1314 15
1090 620 4
1359 1517 19
414 1134 20
808 410 6
601 197 5
526 1227 4
765 1784 8
1061 945 5
659 1380 9
1713 1949 7
420 662 8
1683 103 11
1536 503 10
1332 1230 8
1795 1319 30
1154 1883 7
1171 1649 11
1569 285 20
1349 1646 5
736 1336 9
198 930 15
737 398 10
1882 1684 7
1603 1725 12
1685 1256 6
1305 1898 6
1619 438 20
185 1483 12
434 720 7
233 924 15
1110 1880 7
1123 1249 10
710 1575 4
1128 1839 23
1886 800 17
1801 1629 6
502 889 4
68 1420 6
72 1729 8
52 447 9
1543 1697 10
1039 1820 6
1608 1616 17
1574 1614 6
613 1507 7
197 141 4
1768 1086 7
367 1005 10
317 1139 5
1635 104 5
689 930 7
1907 988 28
1811 1106 5
533 304 6
650 473 6
840 712 9
39 690 10
400 1610 8
690 249 11
1871 395 9
583 367 30
338 651 7
139 1885 6
834 1018 6
1875 1923 17
1581 906 11
40 68 7
401 1625 6
644 349 7
9 494 11
350 1805 8
745 625 6
938 1218 7
816 1249 10
1327 878 6
561 524 12
116 451 6
1048 1734 6
1636 808 6
1212 1353 5
1248 864 11
562 1423 8
1445 1573 19
1820 418 5
1066 454 7
1829 1855 6
646 1818 11
1116 1073 11
1268 1893 4
772 850 18
62 1848 12
1523 1961 11
805 1147 8
1566 1243 7
1384 1891 7
1263 876 11
114 241 5
1011 1228 30
915 1932 15
1731 439 11
1442 571 6
1660 1528 12
888 1459 11
953 1269 6
296 1653 12
309 379 8
512 1229 11
411 568 6
1558 1092 7
1637 329 4
735 1714 19
620 1682 4
1940 662 8
267 947 15
475 599 12
364 145 5
1267 478 11
262 1799 11
1919 968 6
1655 1429 8
651 741 27
390 1411 29
1217 1923 10
617 606 11
1329 504 7
1253 100 6
382 314 11
139 1937 17
1021 208 8
1691 65 11
1016 925 4
933 1184 10
556 1276 6
1806 307 7
949 492 9
1403 1429 12
880 634 6
1481 1908 29
476 1962 6
1334 37 28
251 373 12
1571 367 7
483 1166 9
216 423 6
391 360 6
1736 821 7
936 340 9
1889 546 12
867 684 5
524 713 19
90 96 7
1470 1186 18
705 1534 10
1418 1289 11
1586 457 8
1687 618 20
1779 84 6
786 770 11
572 46 4
1100 1212 7
1813 1938 6
1042 716 8
1556 1921 8
1470 761 10
1188 1445 11
12 1269 7
1168 996 5
1825 1288 23
327 498 5
1050 821 11
1458 1859 20
696 775 8
1081 554 7
856 93 11
128 678 6
1884 1062 4
1705 887 5
1448 733 5
960 1394 6
324 140 7
1795 727 12
290 814 7
303 423 6
352 1661 11
1153 1777 29
1609 1605 8
1233 1741 9
1698 1966 19
997 1949 5
1369 1906 29
1068 495 30
707 1721 6
1830 1501 29
396 1591 11
1313 271 27
826 139 8
1280 1072 7
978 1548 5
1734 96 23
181 1095 9
135 28 25
1614 1642 6
551 486 18
187 1918 5
1514 887 6
796 1561 7
1726 34 8
1264 1311 10
749 245 10
774 79 4
267 342 15
946 233 4
430 358 8
1048 876 9
1832 1755 19
840 445 11
376 836 6
1859 145 5
78 694 8
567 1036 14
521 1736 30
287 1576 11
1771 939 5
1169 1343 8
589 1665 4
1481 1258 6
315 1672 27
677 336 11
1244 1849 5
1819 28 12
708 729 17
483 1267 11
1181 366 7
1695 518 10
728 364 5
533 1471 10
1902 405 6
548 246 8
532 514 9
1713 572 5
1153 656 11
652 220 5
1686 1145 4
1774 164 8
506 397 8
127 15 8
115 1472 25
1803 988 6
1809 1848 6
1890 173 16
1214 1031 10
335 111 23
541 167 10
1624 250 9
1812 984 8
1623 1767 9
311 1484 7
376 336 24
1450 1445 7
94 979 15
962 595 8
896 886 9
1877 1328 5
789 1935 4
1509 883 11
1966 192 6
1294 1234 17
274 328 12
550 531 9
942 387 9
182 1888 6
101 632 6
1362 1492 6
1615 1414 10
429 53 11
100 55 4
1929 939 4
1463 1868 12
1022 564 23
999 293 5
247 1476 16
1087 633 6
350 590 9
1960 922 9
560 68 6
1196 1406 11
1037 832 8
1558 605 12
501 1137 30
1507 1081 7
1325 1466 8
835 1895 4
4 1173 24
1284 40 6
1104 1276 11
171 1764 5
1144 116 4
918 276 7
810 841 20
791 695 8
1234 1599 22
233 1821 4
253 1822 11
715 1477 6
725 1560 4
362 23 6
1230 1709 20
454 1013 7
339 1162 7
8 122 11
135 1668 12
648 1527 12
1203 1934 7
24 397 8
240 882 8
1428 296 12
358 1526 20
1660 324 30
302 1686 4
1550 720 7
1374 1748 8
417 329 7
1402 1027 6
1060 1948 7
1096 1012 7
878 1184 23
1031 1548 5
113 1189 8
1899 364 7
680 1380 12
1331 1540 6
347 694 8
1964 1332 9
281 1520 10
1761 1831 24
162 1121 15
781 612 11
894 1066 15
780 543 27
1484 509 27
519 1496 8
643 937 7
893 509 9
342 19 7
23 255 8
1946 415 8
736 414 8
1393 287 9
1811 724 8
551 1085 10
1618 702 10
1533 777 15
1450 1773 29
26 549 10
1951 58 23
333 1129 6
1624 921 11
1524 420 9
890 1406 11
1650 1171 23
23 1466 7
1524 1883 17
1031 996 8
468 1167 5
671 1797 4
458 277 7
960 319 8
1218 349 5
1739 433 17
1443 286 10
515 1094 9
655 1051 8
160 1797 6
1917 220 5
1869 1168 4
1838 610 12
277 356 8
1968 1456 6
338 566 22
618 433 10
1252 766 6
187 412 8
585 1704 11
1612 1209 12
1874 1723 12
204 1249 12
203 1465 27
28 1752 12
1395 596 8
1335 296 9
367 1649 7
1327 1790 10
1751 673 11
1322 423 8
8 150 9
514 167 8
745 4 7
1156 30 9
608 1472 12
161 1477 8
1703 746 6
27 410 4
1594 1160 10
1936 877 5
74 300 6
1447 1683 9
835 1921 6
1418 1833 26
610 195 6
1627 1580 4
1509 1668 22
379 1435 5
734 160 6
215 551 9
1509 1752 11
960 1215 9
729 258 9
769 1720 7
1177 1377 7
338 792 11
972 109 7
999 1148 11
67 1502 6
453 941 9
1841 78 8
1499 1240 5
325 1329 15
1846 1651 9
1444 923 6
973 175 27
1093 467 11
1730 790 5
1020 1735 6
56 93 9
332 500 9
263 87 8
1847 1891 8
1278 1462 22
1308 832 25
1326 1561 7
507 1097 8
727 1971 6
1753 700 11
487 1065 8
1104 48 16
854 1149 6
900 1470 9
181 452 12
1590 1254 6
1219 1124 12
553 426 8
1251 665 9
1841 1203 20
1392 854 9
1594 1890 9
1019 37 8
1778 1900 7
345 419 6
850 549 9
841 1952 5
918 1907 22
546 1272 8
463 6 9
1101 141 11
1036 1422 8
1354 136 7
852 1904 12
599 134 6
48 1170 8
842 1827 6
1419 1280 6
1803 1848 10
500 1209 8
1393 1747 30
548 1800 6
460 1399 5
415 503 10
908 1347 11
702 881 11
174 698 11
1179 392 5
1897 959 6
101 1508 19
1956 349 6
1318 570 6
775 1639 7
1804 837 4
1544 1628 23
344 753 12
882 891 5
750 833 7
1109 550 9
137 30 12
1183 740 6
532 205 8
1553 1390 9
83 1488 11
190 811 10
1023 981 12
334 79 16
1098 1855 5
377 1140 11
952 1084 7
468 1724 8
642 1160 10
1866 989 5
915 179 15
1653 29 8
1217 1064 6
1061 133 7
618 966 9
124 528 9
894 652 8
1097 388 8
1479 4 12
1125 502 5
521 175 11
1002 1586 10
111 885 11
1506 1642 12
752 882 4
1447 490 10
380 602 4
645 1401 6
1349 183 5
1169 1074 9
1425 1888 4
231 777 30
1251 1848 10
199 1471 11
1323 65 9
1162 1535 4
615 549 6
978 996 6
435 1240 5
1359 1943 24
4 313 6
1820 293 7
818 1443 17
1159 391 5
1672 732 10
238 245 11
1550 1427 5
952 1453 8
300 729 6
228 440 7
287 1141 10
273 632 8
425 236 8
413 586 27
203 207 11
1014 1969 12
1604 1477 17
1533 1917 8
991 567 6
19 1263 12
820 559 6
1368 629 7
1722 1759 27
190 1033 27
1255 1647 9
1136 1888 6
1929 1221 7
686 511 10
254 1616 11
808 895 5
16 1165 6
1025 1943 11
1064 954 23
1389 881 12
1614 1678 6
390 1359 7
1179 1769 6
715 768 9
701 189 6
1152 996 4
772 1421 10
305 1269 4
99 1109 12
1896 1786 10
714 434 7
1248 1166 18
1787 512 17
1886 1163 8
1779 620 4
1939 942 20
512 1662 7
771 519 12
287 619 9
1126 1170 12
1500 1717 7
717 863 10
1045 980 9
1320 1860 11
302 1296 4
779 316 17
912 39 9
1154 1546 6
1539 1831 22
1698 566 24
1075 1205 17
615 549 7
1969 269 26
427 1283 8
1867 1170 11
1841 1823 8
713 22 6
967 59 12
506 1854 9
896 1801 6
1010 932 7
901 1244 8
1446 1116 6
863 546 8
88 208 9
1175 1427 7
1654 813 6
1249 811 9
1093 1471 9
1826 934 5
987 1283 7
377 1940 16
450 704 12
114 156 7
455 1408 6
1266 1869 6
151 770 7
1003 246 8
816 1451 6
47 1288 10
1809 1160 6
808 1751 5
1518 387 10
1473 961 11
614 1615 17
959 81 4
973 125 8
1896 391 6
1233 1513 11
1708 1229 12
104 73 4
1328 537 6
246 979 8
371 1969 10
1570 384 5
517 591 11
124 1380 10
1955 1207 11
191 217 8
1166 708 6
1642 131 9
1046 343 12
1411 110 9
1532 1955 12
1838 5 12
192 527 23
67 919 11
1204 790 10
386 706 8
77 1548 5
1696 833 10
31 853 14
249 132 10
487 167 6
1221 154 4
1366 1915 8
43 730 4
1900 108 7
378 737 27
1056 1327 20
1138 1634 18
1940 1883 11
378 1922 8
1286 633 9
1306 1434 10
922 1590 9
862 1436 6
1807 320 12
1298 539 26
475 1633 20
185 1126 25
738 620 7
747 956 7
1054 1842 10
1829 34 5
1069 623 9
427 1931 5
1357 917 6
479 1427 5
1082 108 17
1820 1674 5
1808 1399 7
901 1244 5
1895 1921 7
1640 688 20
162 427 7
1093 199 16
1148 1674 7
1295 1379 5
210 919 5
489 844 8
480 1333 4
1213 447 17
618 1657 9
611 1803 6
1130 306 29
1529 122 6
294 769 4
1823 1852 4
450 1256 10
66 1161 8
1872 1530 7
1355 1682 5
1865 1001 27
727 1165 10
53 140 11
427 1503 15
371 1621 8
1847 207 17
697 403 7
225 1162 6
910 1279 9
812 1081 4
1669 1461 7
21 337 8
617 971 9
1273 636 7
1552 1727 12
503 6 8
368 783 6
559 1863 4
723 1041 8
544 729 11
267 1680 15
943 194 4
1578 1131 8
944 1616 6
1003 408 7
271 1046 6
1274 1967 5
1850 885 10
1858 383 28
1082 873 27
1925 1625 10
495 1612 11
783 875 11
1529 1616 10
550 902 6
197 106 7
1671 1798 9
910 1021 6
388 1641 7
1708 65 12
1771 389 16
1579 355 8
309 1924 5
1066 965 10
1075 885 8
127 1160 9
1204 1431 16
1392 1875 12
600 608 27
471 388 15
1234 347 11
899 1855 8
1502 1464 5
463 415 9
67 837 17
1784 1797 17
946 305 5
1038 768 7
95 45 10
4 1600 19
23 407 8
856 1536 30
1371 1738 6
1052 983 30
261 756 8
1966 527 8
1210 1471 9
555 425 7
1428 1972 6
787 907 11
982 224 9
845 195 10
1841 1282 7
327 945 16
405 250 11
841 1113 7
166 774 4
353 1670 4
1466 442 6
1819 1748 10
346 1955 8
1100 1746 8
1844 1417 11
1571 1171 12
819 518 29
1391 621 15
1391 1409 8
542 1915 5
1498 1827 10
916 603 8
1253 1387 5
1411 1151 14
1159 1559 6
1574 1659 9
691 1531 10
1002 1129 9
1740 462 10
1014 10 10
975 1229 10
810 1439 10
518 1792 14
54 552 7
541 1564 12
573 385 6
135 883 12
968 871 10
1247 586 9
1973 1334 22
1392 625 12
1234 1424 11
1214 1117 5
215 1770 30
1643 821 10
149 1743 9
1019 1948 10
655 78 15
1321 865 17
1816 98 12
221 230 8
1312 179 7
1482 1857 12
1568 124 9
1317 1220 8
1245 874 11
1466 1611 6
1526 1955 23
416 1361 4
1648 696 10
498 1580 4
1008 182 7
1426 880 9
641 38 4
609 372 4
733 1387 7
1700 1311 12
1469 1290 9
1015 1206 8
534 1969 9
317 862 5
328 395 11
311 1343 11
852 506 20
397 846 8
203 165 8
431 219 8
1542 393 7
115 1002 12
862 814 5
1688 1640 8
1099 1292 9
725 446 8
1420 994 6
18 1853 4
1834 1962 6
1665 145 4
187 277 8
595 732 11
1117 77 6
117 1801 8
51 596 5
1102 1088 8
827 1015 9
1678 1174 8
15 375 26
41 1750 8
660 884 6
1874 119 11
510 1712 6
468 1873 8
991 1737 7
215 1075 12
1400 1589 10
550 1844 11
260 220 4
1057 1118 17
241 1934 5
1365 1440 7
1405 1922 6
1799 582 12
115 566 12
1565 806 6
1654 83 8
971 1762 8
634 131 12
731 351 12
1476 191 8
1825 207 6
687 368 9
1571 351 11
1874 1356 6
835 1044 5
1023 292 12
1532 1209 11
1780 1117 8
480 897 7
7 676 8
1714 1867 17
339 1324 5
1260 1179 7
741 1086 10
1046 1599 11
1150 544 10
1791 525 30
1694 1152 4
1067 1289 6
1731 1963 26
1232 293 4
1918 1742 4
84 817 5
1506 1541 12
1223 1926 11
1037 47 27
1606 1953 11
1916 312 8
1307 234 6
332 30 17
1035 1196 11
1350 864 12
1035 1406 22
754 1931 4
180 759 26
1708 803 12
1410 1263 8
1125 1113 8
1221 756 4
912 1374 12
1903 1584 11
1085 717 11
1939 971 11
1396 672 11
1302 596 6
939 1666 8
1495 1340 7
560 997 4
1023 365 30
817 1081 4
1153 981 6
629 491 10
707 1303 11
666 183 4
775 645 4
135 1336 12
452 739 8
1307 769 4
892 980 9
655 997 10
1458 1924 4
1045 236 6
362 1851 4
286 1034 20
1333 897 8
1963 1225 9
1851 1401 7
778 803 6
1593 1281 8
1973 144 11
893 1617 11
319 1622 20
1917 1079 4
661 172 5
466 1355 4
71 1226 12
764 1073 30
501 699 12
1627 1187 4
1167 1879 7
257 1357 5
1713 1915 5
343 1163 6
386 1488 9
1956 1145 4
1131 307 4
669 926 9
297 848 12
1376 295 12
1215 1589 9
500 1207 9
465 472 6
357 825 8
1736 490 10
536 410 17
75 442 5
1010 1969 7
1850 760 30
1458 294 4
1088 25 26
1446 1331 11
1154 1883 6
1102 742 9
1420 1949 4
1066 1587 12
1677 767 11
1971 1137 6
199 297 27
1733 1575 8
1229 1516 11
697 1493 7
1839 1815 9
1183 1297 9
1385 372 4
674 1355 5
554 789 4
1507 1133 4
51 349 8
1966 338 17
379 1458 6
1400 1868 8
808 720 4
1872 1607 15
1 1210 9
772 683 11
1911 1686 5
1345 1235 11
1344 1650 6
1816 687 20
289 304 11
1550 1062 4
1237 579 9
1092 1454 10
1594 665 6
624 879 11
1630 966 8
1026 612 12
1 1220 11
240 1705 6
175 465 6
308 876 7
1018 180 12
355 282 20
1218 869 4
1957 1462 11
1871 108 10
1168 1111 7
1395 1808 4
1848 310 9
284 688 6
87 1954 7
306 1460 9
1910 319 6
1379 1453 6
1005 1692 8
1559 744 7
1962 1008 4
577 1792 7
708 478 8
1840 38 4
1208 1405 6
848 961 12
967 960 12
1679 96 14
1468 111 8
997 542 6
417 1667 8
754 1855 8
810 1627 8
535 31 10
465 149 10
1003 1631 8
1600 1544 6
1405 254 16
1793 1070 7
1952 481 13
1769 1139 6
1014 1818 6
1598 1427 8
1367 1026 27
788 1722 7
1141 1247 29
1340 1358 26
146 1596 5
946 845 15
1435 399 6
571 1641 12
1860 204 7
1913 1905 9
733 919 4
1875 658 8
1375 1248 9
880 1584 8
676 1431 6
1733 334 7
1198 698 12
796 1415 5
1909 319 11
1775 203 10
660 481 6
675 1253 10
1750 358 11
93 304 8
648 252 12
899 1822 5
1034 144 10
486 1205 9
639 1287 5
1293 1583 10
224 1030 8
1319 1165 10
1187 945 4
202 965 8
508 1058 12
231 1033 11
927 1964 26
1913 1183 12
1293 1467 27
1254 1620 6
112 1686 11
1458 156 8
116 1674 5
1898 53 23
644 596 6
901 356 8
508 1350 6
905 639 11
839 104 5
1607 456 8
1218 1808 7
1932 1928 7
1861 1246 11
573 1403 12
1199 1541 11
1138 585 10
1309 963 10
1420 743 4
295 906 11
1197 1436 7
623 387 8
572 1084 5
810 1092 15
1041 1689 11
1439 502 5
275 255 15
1063 630 8
847 1858 11
1364 1731 8
1947 296 11
1664 1263 23
78 528 7
1593 567 7
1174 983 6
650 262 30
643 214 7
1085 1286 29
1503 1121 7
1567 291 7
588 716 25
46 1949 8
1576 1414 6
959 1522 4
1125 945 5
256 1443 8
30 1641 9
1078 691 7
1244 1159 8
863 1850 27
1261 363 7
1464 55 4
947 1004 7
889 1187 4
474 1868 11
1572 1961 10
166 303 7
458 527 12
1754 445 6
412 1631 8
1931 34 6
464 54 4
452 1400 9
1468 1539 17
592 1649 9
657 1622 6
1038 202 6
657 474 17
1167 957 8
1950 319 28
777 763 7
755 1945 6
981 1678 10
1733 1674 5
915 12 8
213 84 6
714 794 5
1765 1737 6
1179 1436 16
983 822 11
852 331 12
442 858 4
1583 1651 26
1101 1670 17
1056 1121 30
170 889 4
846 1181 8
810 412 15
261 939 8
175 1757 10
957 1267 12
373 653 8
922 715 6
70 1534 6
745 723 29
962 138 6
1502 752 7
19 308 7
1238 794 5
1377 119 12
1108 758 10
385 580 12
970 919 8
1735 843 20
523 1658 4
940 1412 7
7 1771 5
1455 1463 11
179 1515 7
468 1500 20
382 1625 9
1467 853 10
1635 1878 6
463 961 8
68 1551 5
19 582 11
476 630 15
861 1625 12
214 1623 12
1487 1431 8
1213 1739 6
1095 1215 6
1786 989 5
1210 1815 17
444 767 8
593 640 16
1138 1789 9
1656 998 12
907 511 9
215 855 11
852 701 9
601 1670 4
12 496 5
538 1310 12
121 1048 20
1644 304 28
971 669 10
1426 247 6
1254 768 10
214 433 12
1366 1492 5
146 720 8
995 1922 25
339 1324 8
479 1596 5
1439 142 5
283 945 8
81 709 4
1812 976 6
521 565 12
576 1786 6
670 1765 5
1521 834 9
1776 1753 9
494 122 28
738 1663 7
1470 1442 9
1872 116 10
1674 1605 7
1077 97 10
1683 1132 16
995 635 12
243 1868 8
597 917 8
1566 1199 11
365 1678 10
441 1279 6
151 29 8
62 251 25
1184 705 9
1091 1767 6
630 811 7
1437 207 12
1944 1241 11
619 1738 8
178 281 8
1164 1301 30
244 1333 7
1089 1495 8
619 956 10
471 1869 6
1022 534 7
1212 1580 4
560 1713 7
913 111 12
999 79 6
1112 1815 25
1254 1906 10
1723 1356 6
1437 1887 12
1494 1227 4
1287 1694 5
761 776 11
656 1476 10
547 1640 11
655 1284 5
420 140 9
1567 1343 11
921 1891 11
1662 753 10
547 1257 9
1751 434 6
1765 1560 4
1269 85 4
1120 1684 23
1242 1410 19
575 142 8
555 1527 22
773 926 6
871 1231 14
1245 483 26
466 1535 6
1846 429 26
1466 1570 4
936 1497 11
1813 404 25
74 478 9
1643 92 12
511 747 26
157 599 6
97 532 29
446 1717 4
794 895 4
146 536 8
1756 872 8
1533 1486 8
329 858 17
1716 1064 7
453 768 17
607 1376 7
19 1610 10
399 769 7
1635 1111 8
1475 152 5
1813 566 11
409 207 10
1726 253 8
187 1806 20
1395 1145 7
381 754 5
1487 877 5
1830 1020 7
686 1615 8
1611 129 6
1579 1608 6
14 348 29
908 1209 11
1555 1914 8
530 180 10
99 1169 20
239 378 7
1479 313 6
1647 262 11
10 646 8
1851 136 4
1773 1757 14
225 84 7
1908 8 8
424 1447 12
1533 652 5
1099 369 26
1565 34 4
589 234 14
900 1442 11
1761 1468 19
172 244 4
1003 66 8
165 263 8
901 1602 7
1563 100 4
517 1381 11
564 1621 9
92 357 12
1426 524 11
701 273 18
1076 818 9
1709 1957 10
901 177 8
892 1285 8
411 705 17
139 1494 11
1588 1209 8
1479 1173 11
923 130 23
583 592 20
1470 1156 6
580 1330 19
2 814 8
663 1119 8
1973 256 7
1827 366 9
406 939 6
930 1174 10
1441 1304 27
169 445 28
62 963 12
827 280 11
1482 1950 11
229 323 7
1393 350 20
596 349 7
1438 698 11
849 1336 10
1273 1571 7
1142 1310 11
1854 1454 10
1307 294 7
1970 1760 20
1920 864 7
1931 804 4
571 358 6
1533 454 15
800 1163 10
1662 926 8
1351 1804 7
1906 1881 14
1003 1851 7
1295 994 5
437 462 11
1439 945 8
1185 487 12
1710 308 15
25 83 11
1872 166 8
670 711 5
1180 1548 4
1699 1655 10
1960 1585 12
677 1452 25
1573 1278 17
986 829 8
771 549 12
1592 377 6
1095 1857 11
1595 52 14
1006 443 6
1660 1467 11
589 1720 8
1716 32 7
778 1793 11
1835 796 8
863 1205 11
1724 1862 10
1213 1864 8
902 1206 10
1312 1953 12
673 410 4
292 1642 17
408 129 5
1121 732 7
333 910 18
1210 1735 8
1261 982 29
898 964 10
1214 671 8
685 142 4
592 1616 10
1282 769 7
255 966 10
1698 1938 6
580 1334 24
420 1154 6
806 1726 7
1209 1097 8
241 1277 6
362 324 8
1495 274 7
239 494 22
1944 31 29
359 481 4
1601 1060 26
1105 34 5
1727 1488 8
1944 1528 6
860 1586 9
27 1409 7
725 1036 6
1496 813 20
1146 1615 25
109 1339 7
1822 804 4
849 951 12
1044 684 5
402 1127 5
1593 548 7
946 909 8
325 1284 8
1371 1247 10
18 1560 7
1866 1786 7
1101 290 6
404 1938 10
1939 803 12
959 345 20
1358 1231 7
897 1191 7
1318 1587 8
1100 327 6
499 88 20
1836 1822 8
697 604 4
226 1577 6
614 413 6
1368 235 10
1438 1157 6
1754 1193 12
1767 781 11
1578 989 7
57 1514 6
1563 752 6
204 638 12
86 907 9
1260 141 8
475 809 12
1859 294 5
637 1618 20
826 1645 8
1426 1153 10
1135 79 5
162 1283 5
1003 1570 8
1445 1462 24
1796 749 20
1922 355 10
272 1749 6
462 1943 11
1742 1896 5
687 1515 9
1528 60 8
535 1583 12
1172 1712 28
1608 1005 27
1528 377 9
1142 354 7
120 1454 9
1746 1113 5
1120 514 6
1056 444 12
157 580 7
1785 1285 6
7 1537 14
1271 227 11
101 298 24
1056 933 11
755 821 9
585 1242 7
1656 829 6
1861 1698 7
1750 228 9
36 1578 6
1776 1887 12
1292 1881 7
1547 875 12
708 74 9
193 259 25
315 113 8
1572 1782 6
1433 624 6
1942 706 8
739 1460 10
1217 235 9
697 412 15
526 1645 6
1375 74 20
360 576 5
790 756 6
1417 1343 12
1300 1581 6
1639 442 14
1327 113 8
1762 1837 20
1916 1346 8
819 607 11
1077 343 11
737 122 8
43 1522 7
1491 20 9
27 1062 4
1110 1200 5
1088 1496 11
1082 395 8
621 665 10
605 1854 11
227 1022 7
1166 281 17
993 1425 4
548 567 7
47 445 8
264 447 8
1789 1572 6
1591 1124 11
1180 1519 5
1753 1341 6
475 1019 11
569 1634 9
487 659 9
255 591 11
379 769 6
976 1965 10
170 1113 6
1502 1387 5
841 1187 4
715 1441 16
206 969 12
872 1732 7
1549 1251 9
62 1907 12
1471 1718 9
536 434 8
1885 1645 7
1617 64 19
459 196 6
1811 1888 7
1532 507 7
231 638 12
1243 1290 8
471 1266 6
1461 1460 6
918 963 11
877 154 4
524 1619 6
311 906 22
1852 1934 4
946 1122 15
160 73 5
1646 1852 4
59 1950 11
1057 35 6
380 1295 6
1843 1790 10
618 591 8
399 1852 7
1758 1910 6
560 426 15
1286 1059 14
161 1590 27
1396 892 9
1195 352 11
1319 485 8
41 440 14
810 1342 8
351 61 8
256 1601 10
270 58 14
1793 1691 10
1275 714 8
795 1673 9
1327 732 9
20 783 11
1972 606 12
50 446 7
1001 1689 8
667 747 9
855 1289 8
675 513 8
861 1403 25
1479 1270 25
158 1697 8
1441 1725 8
115 1711 12
1056 568 12
362 1932 8
334 1605 5
1592 1259 11
1890 1114 6
761 376 7
473 1242 12
816 758 9
32 1173 12
667 681 26
1466 552 5
406 261 6
478 117 10
1242 637 6
1724 246 8
1281 957 7
1789 96 10
323 1789 27
200 1595 29
909 1260 6
348 840 8
941 1038 6
384 1703 8
1918 21 4
1648 1851 5
541 78 7
1380 1311 9
500 30 10
1008 1888 5
1070 669 23
977 119 11
1974 731 11
1271 482 6
471 905 8
656 1506 7
776 128 7
1222 481 5
1324 820 8
1011 1594 12
677 376 12
594 140 10
1119 654 20
1547 1515 10
1077 1886 18
1374 784 9
663 832 17
475 143 9
1167 1800 4
1144 1281 15
530 834 27
957 1801 10
1480 1806 4
1555 1948 14
1166 729 9
1945 149 6
1109 543 10
488 342 8
513 837 4
1095 1758 9
189 1827 9
1518 786 12
1807 1434 12
285 1661 9
20 1009 16
32 625 12
953 814 5
1660 420 20
941 1013 9
1828 975 20
787 1805 8
751 541 7
1002 1024 8
402 79 8
47 1754 6
231 816 20
1353 575 4
1767 433 9
1349 234 6
948 892 18
932 352 12
343 1294 19
1710 1228 15
1363 1686 8
1391 458 15
428 1681 5
25 850 9
1353 889 5
1341 405 11
552 645 6
1018 1970 6
505 1303 11
45 1702 8
97 343 7
657 1513 8
509 1792 10
1841 454 8
176 424 7
1628 658 11
291 1074 7
1228 653 8
1791 1656 6
142 498 7
249 1951 7
1875 491 27
75 129 4
336 358 28
260 1494 4
1692 1974 6
1525 1594 6
1262 1472 9
499 1021 12
330 1051 8
208 1586 10
1465 250 12
1079 724 7
1129 920 11
413 907 17
1378 729 12
1442 358 8
1734 1961 7
340 1642 9
1314 357 11
44 726 11
227 185 7
261 1431 4
1538 763 8
118 447 25
1364 1553 14
617 1323 18
1115 59 10
1943 1970 28
1062 434 4
1165 1971 8
626 79 6
627 28 9
759 1151 7
638 439 8
157 1555 29
17 1226 25
1284 46 5
102 844 17
1129 1279 9
1454 1433 8
675 629 15
1913 1919 11
449 470 4
75 969 4
899 897 5
1967 730 7
276 310 10
232 578 4
1125 283 8
1912 1935 5
1464 887 13
1906 1099 8
482 556 6
489 1919 27
323 326 10
913 546 11
406 1240 18
858 1354 7
1658 1348 5
213 1912 8
1965 1012 14
1596 925 4
1346 870 6
628 787 10
1700 1065 6
723 491 9
297 467 30
118 1511 12
188 994 13
1912 1456 4
1057 1267 8
1459 1818 28
1342 945 8
1585 202 10
329 969 8
978 1152 4
318 1178 6
892 1237 6
162 1724 15
1795 1237 12
1572 1679 10
1626 113 11
1030 1959 6
98 33 17
1049 1564 11
591 1631 8
26 1496 6
121 448 12
1660 1524 12
163 1700 6
1020 1644 24
417 603 8
1826 82 6
1533 894 7
1192 451 6
70 1043 11
1214 978 20
339 748 8
937 1630 6
384 858 7
1638 1196 10
1602 1849 5
1648 408 4
579 1337 9
1362 602 5
1251 373 8
680 1599 12
1128 1471 7
1510 1106 5
728 1531 6
1369 1723 7
1045 1137 11
1493 255 15
145 156 5
1365 24 10
802 797 8
1 848 9
1282 364 4
883 1668 11
402 451 7
1634 1961 9
845 785 12
1376 1109 12
1374 1862 27
641 1855 6
401 1948 23
133 1958 8
1871 740 9
15 940 9
888 1621 25
1872 1536 15
453 1013 8
1573 1050 8
1224 954 7
1033 439 8
878 1790 6
638 1116 9
1727 386 9
504 553 8
82 391 8
1329 793 10
1679 400 9
470 1040 8
1149 1562 16
283 502 11
1693 705 8
625 1689 8
268 1785 7
1046 800 25
1111 1797 4
682 670 8
484 321 11
151 623 10
708 117 27
12 1436 8
1256 726 6
524 1541 24
585 1679 29
780 1074 8
1011 611 11
95 648 7
1130 960 6
1465 1308 6
10 421 9
1604 1356 8
1749 1811 8
1954 921 12
1432 531 6
1594 988 8
1409 895 6
26 1102 10
579 1702 8
193 1790 12
1798 632 10
1771 154 7
650 876 10
1788 1307 6
426 1329 7
94 1829 8
760 1889 11
430 1028 6
242 1258 12
1767 1367 16
1702 485 8
1259 1305 19
521 1188 9
1482 1054 25
998 598 19
1441 768 11
1879 1422 6
1456 470 7
1919 383 8
1473 6 10
1614 1642 7
1413 505 10
78 514 10
756 1764 7
992 1343 8
1809 1848 7
1202 1757 7
128 30 6
186 370 12
333 741 9
356 947 8
1379 1915 5
589 1924 5
1366 1453 5
1122 1932 7
1604 768 9
1069 515 8
691 1435 6
229 582 11
1217 658 9
801 65 17
1767 447 6
801 623 27
292 1574 9
45 980 11
1075 212 9
815 1597 26
1859 1531 7
1718 1370 26
389 1240 7
112 596 8
957 1607 7
69 1469 7
597 596 5
242 494 12
99 291 30
425 1812 27
79 293 7
1156 495 11
1651 853 7
721 101 12
608 208 10
1629 1058 11
1121 224 10
662 916 8
417 872 8
123 1139 8
1648 1667 6
703 873 10
1669 243 10
125 1230 10
1530 303 8
499 277 30
558 1522 5
771 1124 25
1146 1414 6
1666 1936 5
619 1371 6
1186 30 9
1946 503 27
985 1929 13
910 404 17
427 1571 15
540 1004 12
1823 1788 5
761 41 29
1781 1892 8
1100 685 6
584 414 6
1773 927 8
1212 142 7
1044 1556 4
990 1223 30
672 1337 11
535 1883 10
1887 1902 6
287 614 18
162 987 8
979 450 7
1116 1390 6
471 639 7
44 716 6
741 540 6
1408 443 10
1909 1233 26
543 1338 8
99 509 11
45 501 27
1963 130 11
344 1069 10
1717 1504 4
885 633 10
1237 1337 8
7 1936 8
535 60 6
1023 1574 20
304 1083 20
1377 977 12
1029 1545 7
56 1020 11
482 1104 9
1300 1074 10
1048 1961 10
851 1603 11
1843 982 10
1233 1463 9
1039 79 8
1865 1270 8
331 189 9
1410 229 17
1316 397 11
958 671 8
1099 1620 11
1339 904 8
164 1395 5
248 234 7
413 350 9
814 797 4
542 1084 6
339 66 8
1332 125 17
1645 1510 4
1144 1423 15
982 1677 8
613 1932 8
634 1584 6
177 1131 4
1972 926 25
1756 791 7
163 1684 10
1791 642 10
431 1162 7
1329 706 11
1132 1643 27
273 1904 6
1569 795 9
990 590 10
641 34 7
105 57 4
1578 82 6
831 1054 8
77 1878 8
1044 870 4
1316 1053 7
1605 1701 4
424 1957 12
38 1855 4
572 1492 4
222 879 12
56 1210 18
16 980 6
1112 1020 12
1675 259 9
1512 640 7
780 1169 9
506 1827 10
1707 1314 7
1840 244 13
627 704 11
345 684 5
583 737 11
204 1406 12
1571 1692 10
1405 1616 9
617 773 6
1524 1546 27
428 1921 8
890 1390 25
647 1037 7
952 46 5
406 756 4
1687 412 30
1423 1718 7
850 1582 17
1266 1111 5
835 867 5
1109 1338 6
1960 941 20
1323 926 17
944 1616 7
1744 586 6
205 1882 9
132 1819 27
1167 1593 4
1892 1143 20
235 1301 6
1683 125 6
1476 1642 11
566 1024 28
893 550 6
1753 663 18
399 728 5
1452 836 10
972 155 7
213 817 5
795 735 11
249 135 7
425 209 10
1928 757 10
1647 722 6
1904 1827 17
834 1970 8
713 1566 17
1322 79 5
636 150 26
1275 720 5
265 1715 6
80 1268 5
1330 1973 17
1520 1360 20
431 339 7
267 265 6
674 1968 7
1100 1007 15
771 1303 12
1390 1540 10
1643 103 30
475 1932 30
435 1730 5
532 1684 14
506 1433 9
1338 1844 6
791 309 5
598 1265 8
809 1625 17
1439 889 6
1353 142 7
121 1789 11
91 1902 8
1744 956 23
861 599 12
704 1748 11
585 1255 6
1003 916 8
1389 702 12
638 758 6
536 1550 6
200 1623 6
1784 996 8
1501 503 9
112 644 6
18 1873 8
158 1543 17
210 640 5
1689 1544 20
1067 1286 10
448 1048 9
1136 1645 5
1240 939 7
1485 1712 8
1491 368 6
1954 1902 10
493 1967 7
1180 958 4
1610 262 6
277 208 7
1078 1665 6
601 814 5
1529 1908 10
1404 662 11
1554 1661 8
548 1873 8
275 520 15
628 1838 7
1440 331 12
703 1089 8
1176 731 9
94 459 6
42 984 11
11 686 7
1207 678 10
742 793 8
65 753 9
1197 12 5
1262 910 9
833 281 9
930 365 7
1758 319 8
807 1782 11
928 71 27
635 1344 19
886 1629 11
105 1368 15
1746 1212 11
1647 1523 16
6 467 6
1872 1820 20
1201 1235 10
507 1207 7
776 1588 10
184 1563 4
1484 649 10
938 1080 6
1567 280 12
773 65 9
517 264 7
1164 1479 6
875 1814 12
278 874 6
1434 1831 11
1135 1575 5
1502 640 6
1022 534 6
1704 1389 7
1386 1611 7
647 165 11
1824 827 26
1047 1113 5
1283 1836 6
85 1436 4
990 1926 12
1071 456 8
350 907 10
204 1196 12
540 1279 10
626 1475 8
1234 1264 7
1776 47 11
482 1818 8
668 977 10
1525 127 29
1741 1842 8
1364 223 9
835 929 5
710 1674 7
1763 1427 5
1037 1193 10
630 1108 7
1498 1729 6
406 154 7
162 899 10
1349 364 5
1911 1145 6
1473 1536 7
23 384 7
1876 1790 9
408 746 10
64 477 6
105 361 8
1431 1190 7
1074 543 10
1203 234 8
389 154 5
551 455 6
376 346 19
886 281 6
1052 822 12
1144 1148 7
271 484 30
160 905 5
1537 790 4
918 373 11
1446 1225 18
1032 1970 11
1682 911 4
1917 1227 7
1673 564 10
1299 252 10
1243 131 10
229 702 11
344 1762 6
305 814 6
1597 1226 9
864 1520 6
71 395 10
1741 1589 9
812 817 7
1214 1780 7
372 596 4
767 138 20
1726 1822 5
1757 125 9
1967 558 6
1497 1659 11
1128 503 6
353 85 4
1704 1734 7
1157 237 20
1124 706 12
1118 1783 22
276 1114 8
1246 115 7
1787 1837 6
1472 792 12
930 1497 12
1477 1356 10
1604 453 6
1175 1598 4
1330 3 8
183 1899 5
458 457 10
743 994 8
1513 739 11
369 1587 11
1116 1249 9
1823 234 8
574 434 8
908 336 22
613 1090 8
1141 610 6
625 235 6
700 1119 6
1884 895 13
732 224 10
1873 1036 8
1643 1766 6
1394 1455 6
1487 790 5
1841 1078 5
701 101 11
560 1010 15
1972 1516 11
1082 1871 9
690 1685 6
982 1184 14
714 1596 6
828 1875 6
1745 1352 8
599 37 8
318 1560 6
646 269 9
1832 1796 6
301 1876 6
1449 1249 11
1069 669 14
284 1509 17
540 860 10
409 1902 9
50 1560 7
1865 370 10
1816 179 30
1538 1249 17
472 1236 20
712 1288 7
1313 347 8
1176 1579 9
1766 1230 6
1297 516 11
1002 457 6
233 862 8
697 1666 20
1258 1692 6
1677 1794 9
600 792 8
540 1024 6
1920 903 29
852 1092 30
1818 1706 20
805 421 10
198 938 4
1588 1068 27
1388 260 5
389 1894 18
803 1762 8
1122 134 10
325 541 15
1186 1452 17
1685 1640 8
385 1334 11
1424 1599 11
173 373 8
137 430 12
776 137 7
1278 1957 11
938 603 15
927 472 11
849 1640 6
654 693 10
449 812 6
1011 1251 20
42 1096 9
333 1698 11
1407 711 4
942 770 9
57 1707 15
57 394 8
1320 638 6
1518 151 7
854 828 18
1225 1538 6
1850 1006 6
1077 163 9
986 1549 6
588 414 6
1198 1883 12
1788 156 7
791 1823 8
1416 428 6
1905 1832 11
1535 674 5
1014 534 10
995 494 11
1386 408 4
771 505 12
1681 867 5
173 1791 27
567 1856 8
1517 1760 6
441 1586 6
707 1582 25
1506 1199 12
1739 1657 8
1646 769 4
1175 925 5
11 1805 11
1512 1804 8
1729 126 20
1714 1706 6
1200 1800 5
743 380 7
842 1671 23
917 1296 7
690 270 29
313 1201 20
393 877 5
559 225 20
1743 1202 26
1710 27 8
1023 880 11
779 1157 8
1953 1515 11
1138 1242 11
1505 1778 11
393 985 7
1824 577 9
94 461 7
1927 1365 11
1444 1035 17
581 955 4
233 1161 15
696 1611 8
847 844 25
1879 1737 10
659 1313 16
1932 757 10
1033 1553 10
700 169 24
697 985 4
985 756 4
1316 298 22
1155 1553 7
62 1594 12
1385 869 4
1554 534 17
428 730 7
211 315 10
265 434 16
44 132 16
138 595 23
1375 896 12
725 866 7
1042 1688 27
331 1454 10
1765 1877 5
260 1079 7
942 1070 6
1347 336 11
166 1701 4
1962 1373 6
201 503 10
135 1685 12
878 224 6
1732 1292 26
254 218 27
658 491 10
994 46 7
614 1414 8
257 644 20
841 142 5
715 851 11
1159 1397 6
1325 969 4
880 1469 10
107 1024 11
1033 1123 6
565 490 27
821 490 10
189 624 11
1321 943 6
936 822 9
1007 830 7
568 732 8
416 337 5
301 1261 10
735 1892 6
762 3 23
680 1424 12
1697 1740 20
1105 381 8
361 1250 5
1216 1054 9
1515 110 10
754 804 7
604 1542 5
362 454 8
764 763 10
574 1598 5
1690 1186 9
621 1228 7
1068 677 6
854 4 11
1765 1500 4
1705 752 4
1235 1173 11
652 1373 6
948 1812 9
1182 1703 7
584 284 19
302 1808 7
1107 110 6
193 444 12
393 790 4
255 412 7
1960 1590 11
70 363 12
110 368 8
1186 836 8
1019 1925 6
831 155 10
606 1787 19
844 1796 10
610 1738 8
561 1541 11
1375 1607 30
122 1650 20
1627 660 7
906 76 28
1550 434 6
181 960 12
1860 1449 10
1857 1842 6
598 918 17
36 374 7
1696 874 8
1777 1678 9
1851 129 7
1806 82 8
1440 1315 12
1875 1217 9
748 219 8
198 1956 5
212 950 9
1457 1764 8
247 983 11
1169 1338 9
1867 371 7
1530 1518 15
1225 1390 17
1080 917 6
171 1936 6
782 868 26
792 356 8
164 596 7
1486 1425 4
1863 1382 4
1325 718 4
1258 1005 10
1108 1632 11
444 224 10
1670 2 7
1357 1296 5
1939 801 12
1501 1839 14
424 1462 12
493 291 8
1451 1249 6
464 552 6
1602 416 4
1870 1809 7
435 1764 5
171 7 8
39 1688 9
23 1667 7
594 49 12
1038 768 6
50 682 5
968 383 6
429 779 9
1448 752 5
1271 735 7
1175 1596 4
131 69 26
500 128 6
664 1120 7
422 1849 6
177 36 5
1593 1200 8
1262 527 11
64 311 17
1015 902 17
1026 1657 10
903 1245 8
1846 60 11
1816 1491 12
1964 92 9
