2004 5787 30
1575 905 321 728 1111 1055 1405 654 1163 1433 1536 834 136 1143 1261 1040 862 1365 439 323 1424 1776 1290 988 436 1900 345 1683 1198 558 
1 1 1 1 1 1 1 1 1 1 1 1 1 1 1 1 1 1 1 1 1 1 1 1 1 1 1 1 1 1 1 1 1 1 1 1 1 1 1 1 1 1 1 1 1 1 1 1 1 1 1 1 1 1 1 1 1 1 1 1 1 1 1 1 1 1 1 1 1 1 1 1 1 1 1 1 1 1 1 1 1 1 1 1 1 1 1 1 1 1 1 1 1 1 1 1 1 1 1 1 1 1 1 1 1 1 1 1 1 1 1 1 1 1 1 1 1.5 1 1 1 1 1.5 1 1 1 1 1 1 1 1 1 1 1 1 1 1 1 1 1 1 1 1 1 1 1 1 1 1 1 1 1 1 1 1 1 1 1 1 1 1 1 1 1 1 1 1 1 1 1 1 1 1 1 1 1 1 1 1 1 1 1 1 1 1 1 1 1 1 1 1 1 1 1 1 1 1 1 1 1 1 1 1 1 1 1 1 1 1 1 1 1 1 1 1 1 1 1 1 1 1 1 1 1 1 1 1 1 1 1 1 1 1 1 1 1 1 1 1 1 1 1 1 1 1 1 1 1 1 1 1 1 1 1 1 1 1 1 1 1 1 1 1 1 1 1 1 1 1 1 1 1 1 1 1 1 1 1 1 1 1 1 1 1 1 1 1 1 1 1 1 1 1 1 1 1 1 1 1 1 1 1 1 1 1 1 1 1 1 1 1 1 1 1 1 1 1 1 1 1 1 1 1 1 1 1 1 1 1 1 2 1 1 1 1 1 1 1 1 1 1 1 1 1 1 1 1 1 1 1 1 1 1 1 1 1 1 1 1 1 1 1 1 1 1 1 1 1 1 1 1 1 1 1 1 1 1 1 1 1 1 1 1 1 1.5 1 1 1 1 1 1 1 1 1 1 1 1 1 1 1 1 1 1 1 1 1 1 1 1 1 1 1 1 1 1 1 1 1 1 1 1 1 1 1 1 1 1 1 1 1 1 1 1 1 1 1 1 1 1 1 1 1 1 1 3 1 1 1 1 1 1 1.5 1 1 1 1 1 1 1 1 1 1 1 1 1 1 1 1 1 1 1.5 1 2 1 1 1 1 1 1 1 1 1 1 1 1 1 1 1 1 1 1 1 1 1 1 1 1 1 1 1 1 1 1 1 1 1 1 1 1 1 3 1 1 1 1 1 1 1 1 1 1 1.5 1 1.5 1 1 1 1 1 1 1 1 1 1 1 1 1 1 1 1.5 1 1 1 1 1 1 1 1 1 1 1 1 1 1 1 1 1 1 1 1 1 1 1 1 1 1 1 1 1 1 1 1 1 1 1 1 1 1.5 1 1 1 1 1 1 1 1 1 1 1 1 1 1 1 1 1 1.5 1 1 1 1 1 1 1 2 1 1 1 1 1 1 1 1 1 1 1 1 1 1 1 1 1 1 1 1 1 1 1 1 1 1 1 1 1 1 1 1 1 1 1 1 1 1 1 1 1 1 1 1 1 1 1 1 1 1 1 1 1 1 1 1 1 1 1 1 1 1 1 1 1 1 1 1 1 1 1 1 1 1 1 1 1 1 1 1 1 1 1 1 1 1 1 1 1 1 1 1 1 1 1 1 1 1 1 1 1 1 1 1 1 1 1 1 1 1 1 1 1 1 1 1 1 1 1 1 1 1 1 1 1 1 1 1 1 1 1 2.5 1.5 1 1 1 1 1 1 1 1 1 1 1 1 1 1 1 1 1 1 1 1 1 1 1 1 1 1 1 1 1 1 1 1 1 1 1 1 1 1 1 1 1 1 1 1 1 1 1 1 1 1 1 1 1 1 1 1 1 1 1 1 1 1 1 1 1 1 1 1 1 1 1 1 1 1 1 1 1 1 1 1 1 1 1 1 1 1 1 1 1 1 1 1 1 1 1 1 1 1 1 1 1 1 1 1 1 1 1 2 1 1 1 1 1 1 1 1 1 1 1 1 1 1 1 1 1 1 1 1 1 1 1 1 1 1 1 1 1 1 1 1 1 1 1 1 1 1 1 1 1 1 1 1 2 1 1 1 1 1 1 1 1 1 1 1 1 1 1 1 1 1 1 1 1 1 1 1 1 1 1 1 1 1 1 1 1 1 1 1 1 1 1 1 1 1 1 1 1 1 1 1 1 1 1 1 1 1 1 1 1 1 1 1 1 1 1 1 1 1 1 1 1 1 1 1 1 1 1 1 1 1 1 1 1 1 1 1 1 1 1 1 1 1 1 1 1 1 1 1 1 1.5 1 1 1.5 1 1 1 1 1 1 1 1 1 1 1 1 1 1 1 1 1 1 1 1 1 1 1 1 1 1 1 1 1 1 1 1 1 1 1 1 1 1 1 1 1 1 1 1 1 1 1 1 1 1 1 1 1 1 1 1 1 1 1 1 1 1 1 1 1 1 1 1 1 1 1 1 1 1 1 1 1 1 1 1 1 1 1 1 1 1 1 1 1 1 1 1 1 1 1 1 1 1 1 1 1 1 1 1 1 1 1 1 1 1 1 1 1 1 1 1 1 1 1 1 1 1 1 1 1 1 1 1 1 1 1 1 1 1 1 1 1 1 1 1 1 1 1 1 1 1 1 1 1 1 1 1 1 1 1 1 1 1 1 1 1 1.5 1 1 1 1 1 1 1 1 1 1 1 1 1 1 1 1 1 1 1 1 1 1 1 1 1 1 1 1 1 1 1 1 1 1 1 1 1 1 1 1 2 1 1 3 1 1 1 1 1 1 1 1 1 1 1 1 1 1 1 1 1 1 1 1 1 1 1 1 1 1 1 1 1 1 1 1 1 1 1 1 1 1 1 1 1 1 1 1 1 1 1 1 1 1 1 1 1 1 1 1 1 1 1 1 1 1 1 1 1 1 1 1 1 1 1 1 1 1 1 1 1 1 1 1 1 1 1 1 1 1 1 1 2 1 1 1 1 1 1 1 1 1 1 1 1 1 1 1 1 1 1 1 1 1 1 1 1 1 1 1 1 1 1 1 1 1 1 1 1 1 1 1 1 1 1 1 1 1 1 1 1 1 1 1 1 1 1 1 1 1 2 1 1 1 1 1 1 1 1 1 1 1 1 1 1 1 1 1 1 1 1 1 1 1 1 1 1 1 1 1 1 1.5 1 1 1 1 1 1 1 1 1 1 1 1 1 1 1 1 1 1 1 1 1 1 1 1 1 1 1 1 1 1 1 1 1 1 1 1 1 1 1 1 1 1 1 1 1 1 1 1 1 1 1 1 1 1 1 1 1 1 1 1 1 1 1 1 1 1 1 1 1 1 1 1 1 1 1 1 1 3 1 1 1 1 1 1 1 1 1 1 1 1 1 1 1 1 1 1 1 1 1 1 1 1 1 1 1 1 1 1 1 1 1 1 1 1 1 1 1 1 1 1 1 1 1 1 1 1 1 1 1 1 1 1 1 1 1 1 1 1 1 1.5 1 1 1 1 1 1 1 1 1 1 1 1 1 1 1 1 1 1 1 1 1 1 1 1 1 1 1 1 1 1.5 1 1 1 1 1 1 1 1 1 1 1 1 1 1 1 1 1 1 1 1 1 1 1 1 1 1 1 1 1 1 1 1 1 1 1 1 1 1 1 1 1 1 1 1 1 1 1 1 1 1 1 1 1 1 1 1 1 1 1 1 1 1 1 1 1 1 1 1 1 1 1 1 1 1 1 1 1 1 1 1 1 1 1 1 1 1 1 1 1 1 1 1 1 1 1 1 1 1 1 1 1 1 1 1 1 1 1 1 1 1 1 1.5 1 1 1 1 1 1 1 1 1 1 1 1 1 1 1 1 1 1 2 1 1 1 1 1 1 1 1 1 1 1 1 1 1 1 1 1 1 1 1 1 1 1 1 1 1 1 1 1 1 1 1 1 1 1 1 1 1 1 1 1 1 1 1 1 1 1 1 1 1 1 1 1 1 1 1 1 1 1 1 1 1 1 1 1 1 1 1.5 1 1 1 1 1 1 1 1 1 1 1 1 1 1 1 1 1 1 1 1 1 1 1 1 1 1 1 1 1 1 1 1 1 1 1 1 1 1 1 1 1 1 1 1 1 1 1 1 1 1 1 1 1 1 1 2.5 1 1 1 1 1 1 1 1 1 1 1 1 2.5 1 1 1 1 1 1 1 2 1 1 1 1 1 1 1.5 1 1 1 1 1 1 1 1 1 1 1 1 1 1 1 1 1 1 1 1 1 1 1 1 1 1 1 1 1 1 1 1 1 1 1 1 1 1 1 1 1 1 1 1 3 1 1 2.5 1 1 1 1 1 1 1 1 1 1 1 1 1 1 1 1 1 1 1 1 1 1 1 1 1 1 1 1 1 1 1 1 1 1 1 1 1 1 1 1 1 1 1 1 1 1 1 1 1 1 1 1 1 1 1 1 1 1 1 1 1 1 1 1 1 1 1 1 1 1 1 1 1 1 1 1 1 1 1 1 1 1 1 1 1 1 1 1 1 1 1 1 1 1 1 1 1 1 1 1 1 1 1 1 1 1 1 1 1 1 1 1 1 1 1 1 1 1 1 1 1 1 1 1 1 1 1 1 1 1 
824 706 11
1878 1488 9
1245 110 11
1273 1979 6
303 1654 12
218 850 6
694 42 6
1539 1139 7
246 164 7
875 1281 12
620 502 7
1387 390 5
219 1153 9
563 1785 27
814 763 8
117 618 16
1906 419 5
911 1294 6
985 1185 8
1947 1950 11
1405 431 7
1061 1342 8
905 1875 20
1795 1279 8
1456 1506 7
1165 148 9
175 1173 11
717 1054 7
619 1814 8
1003 1720 29
762 1693 8
1938 1962 8
1568 712 9
1810 1883 29
938 1920 11
1833 1303 11
1925 1839 10
826 752 7
84 654 6
21 1087 5
1433 868 30
1553 316 5
1768 880 4
336 1098 4
662 1585 7
866 1350 4
1806 1119 12
1893 1810 6
186 28 12
461 524 5
1327 1835 8
448 808 6
1368 921 12
757 29 7
120 631 4
1776 1440 6
655 1244 10
866 1623 8
1873 1674 6
1646 679 9
1406 1725 11
1407 1017 6
858 1722 5
1356 1564 8
1833 1313 7
120 1461 6
1837 1797 10
795 1614 4
97 1553 5
1040 404 20
1533 1199 8
1435 1679 15
488 996 11
690 823 7
1725 501 23
1775 1550 19
176 1525 8
61 228 17
885 1448 4
570 1560 16
1955 1733 21
1437 1121 9
166 372 30
1013 142 12
1062 1076 9
1234 260 6
942 1434 12
679 125 11
59 1126 6
622 1463 11
1194 1522 4
92 980 11
374 1073 11
1371 1487 6
465 1974 5
175 1887 19
1345 923 9
1902 1314 15
185 1407 11
607 1366 8
246 778 12
1572 1117 4
1786 76 13
471 1491 6
902 1856 8
1427 688 6
153 881 10
375 723 12
710 854 7
1759 1038 8
457 47 9
17 1611 11
220 861 11
1875 1963 9
1447 1124 9
1409 508 8
865 591 9
412 275 11
1260 1020 5
985 1808 8
392 514 4
649 1802 4
686 770 12
1082 690 8
1811 385 8
790 1466 29
400 1045 9
1372 364 12
503 1366 6
1093 1674 15
703 980 11
1706 491 9
324 1188 27
1559 1153 11
1163 138 8
687 718 20
15 1787 11
1530 1209 10
1893 1774 9
983 1323 5
1858 1544 9
1243 223 29
1338 1464 8
589 748 6
360 18 9
260 409 10
1022 481 10
1401 1693 5
1197 1639 10
488 29 16
1555 1016 4
475 1966 11
1841 71 7
435 239 7
1465 519 7
1582 19 7
1893 806 7
1557 541 12
1383 1684 10
477 496 6
633 294 10
376 46 4
1581 1959 8
1090 1324 8
764 270 6
1675 1619 10
1479 1242 8
1059 51 6
839 1342 5
538 681 7
948 711 7
766 1457 12
226 1575 6
177 1544 27
943 1393 16
1408 758 11
85 1828 11
1888 256 11
1531 1147 20
1282 1357 4
538 1750 11
1660 268 4
166 1261 6
1877 1810 15
1739 40 7
637 943 12
120 1620 5
1448 1779 6
765 1633 9
358 802 5
1575 153 20
890 307 4
373 885 19
500 106 11
785 1488 8
544 372 8
1392 894 26
887 1335 10
646 1694 5
1159 1804 8
1154 1853 5
124 66 21
1602 316 19
53 89 8
1 1396 7
529 915 7
1232 200 6
977 311 5
559 1497 5
1580 724 8
83 1478 12
351 232 10
138 1268 9
62 306 5
510 1999 6
1877 1296 4
1105 479 11
279 1833 8
179 52 11
1330 1148 11
1837 843 23
1779 898 7
999 1026 9
1506 1174 5
1590 1394 6
135 330 8
1193 239 30
289 215 8
680 844 4
1007 682 5
1331 1039 6
498 1992 7
1294 711 6
350 1700 9
1284 1211 7
927 1591 8
929 1141 10
387 390 5
275 714 6
891 1989 8
1186 736 5
1407 1912 6
996 1702 8
989 492 4
197 1942 8
793 35 7
683 1715 13
649 777 4
1074 1650 29
187 1821 10
1641 1985 8
81 979 7
1718 980 7
1277 1953 8
281 1042 11
1274 1304 9
1559 1124 23
1693 530 7
1867 1552 7
438 994 11
427 1232 5
1297 306 4
1833 142 12
361 1780 9
262 1872 6
376 1087 8
826 952 8
1111 1680 30
112 1923 11
370 1839 9
44 1652 9
1306 1722 8
1824 83 9
834 1437 8
580 75 29
817 1978 7
845 1773 16
396 889 8
793 1441 5
303 1201 11
1221 804 4
896 46 5
453 1191 8
1605 1588 6
716 1988 7
1540 296 5
172 1367 7
609 599 19
741 222 10
777 1415 6
1818 1871 4
1607 1376 7
164 1634 12
1130 552 27
758 904 5
266 1208 12
403 1674 8
996 774 21
262 1534 10
226 1787 9
98 1872 11
502 751 8
817 604 10
1650 1589 11
1798 1537 7
883 1434 11
1348 1937 7
1440 353 13
930 1537 8
1724 416 10
962 450 4
691 1364 9
1934 14 6
1208 1576 23
648 73 8
67 1993 10
1520 491 10
859 1931 6
282 235 13
1425 1890 4
1363 1584 6
131 1908 5
651 884 4
1022 1934 6
90 768 11
87 678 7
975 395 6
1462 778 11
494 1808 5
1822 1556 19
488 1702 8
927 1155 21
572 405 8
453 1942 8
1434 1234 10
1019 1716 11
1913 405 10
1224 233 8
1592 769 10
267 143 11
950 1430 9
1315 1998 6
1087 117 7
1473 247 11
1522 962 8
1828 529 12
804 752 6
1467 1293 11
64 1788 9
208 566 8
1600 420 8
561 830 8
749 1803 7
1906 647 4
479 1973 12
301 1546 4
969 263 10
84 230 8
803 492 5
366 332 13
70 649 4
783 1171 11
1079 707 6
1580 1977 8
1647 480 5
67 776 8
1916 1497 6
654 231 8
1996 1708 5
836 192 5
1544 243 13
1793 1696 6
1432 531 10
1451 1871 6
1495 1005 7
1631 775 8
355 1559 11
1149 1465 20
81 1056 13
1307 822 7
519 384 6
72 845 6
1069 1620 6
927 629 10
1162 897 9
907 151 7
1638 1798 6
477 601 7
1914 1834 6
178 1112 5
105 1021 8
1882 1009 7
279 1183 9
1698 340 11
1708 870 4
529 763 26
354 1386 7
1264 856 15
831 66 13
635 1211 5
1367 1940 7
963 837 6
479 188 6
17 1355 11
1787 1889 12
1086 876 6
1951 74 4
1878 193 6
592 917 6
276 176 9
1632 1749 7
218 1242 9
789 897 8
815 1903 10
247 1619 17
419 1394 5
1376 615 5
1930 1546 4
678 468 27
1918 552 9
1949 300 20
1248 1311 8
133 1374 8
719 1956 5
1285 1244 10
1940 601 4
586 278 12
250 1459 9
162 1248 11
1931 198 8
487 513 7
1457 1601 8
930 735 8
452 692 10
1420 1030 12
1435 562 7
164 45 7
738 1759 4
1371 397 10
1999 1620 8
826 1124 8
1435 129 20
966 1792 9
1240 51 7
1778 1381 11
1659 466 6
833 468 12
1184 1330 10
936 1394 6
287 553 12
1698 1849 12
1406 310 8
639 1108 10
676 1322 8
586 2002 6
511 1642 5
293 1453 8
862 1499 20
92 662 12
1907 1014 9
50 882 12
1560 1310 17
1920 849 10
1057 29 11
511 1109 5
1433 1568 8
1240 643 5
1726 1032 26
520 1600 9
32 1655 7
164 945 17
1984 429 6
1066 1421 4
1749 255 27
1538 232 10
714 994 12
1369 814 9
1612 1065 6
844 1175 7
738 1050 6
1784 677 5
1686 852 9
347 675 11
1057 1748 7
1236 1402 6
506 807 8
728 1214 7
114 1468 12
1893 285 7
764 1212 6
1428 57 8
1808 577 7
133 1800 11
1125 1313 12
335 944 4
803 487 7
1764 1879 30
1683 1023 20
1428 830 8
1470 1044 26
686 690 6
1527 966 6
1827 1708 7
1259 829 6
168 159 7
1004 1864 10
742 1626 16
249 1656 11
943 806 12
378 233 9
1177 1614 8
935 1730 12
1111 67 8
415 359 17
1757 1992 7
802 59 5
441 1128 8
1333 283 7
1866 954 9
1691 530 5
1312 25 6
139 181 4
1262 1792 12
2000 1023 11
1447 1770 7
180 630 12
1316 1377 8
1519 100 7
79 1855 12
978 1494 7
740 1551 7
273 1264 4
1321 421 5
1094 286 6
1461 732 11
518 1385 6
396 1258 8
442 52 11
876 1385 4
36 382 11
1591 675 11
961 1492 4
975 1256 7
1629 1872 11
767 1181 6
1520 1984 17
1002 402 12
1501 1674 4
1613 1534 9
1528 292 7
1031 1541 26
973 1442 6
1301 603 5
1487 1748 27
1897 740 5
1917 924 7
1185 1825 6
1568 1327 9
1341 1172 5
756 1192 4
442 1653 11
610 675 7
74 140 6
1031 1009 13
1244 1737 11
489 283 6
1112 818 5
132 482 30
571 629 7
39 1206 8
1045 1053 7
1230 1210 9
463 653 10
895 1791 11
1483 1484 17
139 1967 8
1849 672 8
493 1615 11
680 958 8
210 149 7
567 1056 11
183 306 4
1761 1033 19
1366 496 6
1575 411 8
436 1924 20
1448 527 7
1758 93 5
1645 604 8
935 490 6
702 716 5
591 1721 11
214 1403 8
499 308 26
1905 854 5
399 355 11
1008 1759 5
1095 1583 17
1508 1516 8
345 1806 7
1582 1063 12
647 1640 8
1491 1973 6
1934 481 10
771 93 8
886 1780 23
625 1682 7
803 989 6
1745 48 17
578 314 8
1859 1387 4
1511 383 11
1026 626 10
306 1485 4
367 489 13
183 1117 15
363 1598 11
36 974 19
1516 572 11
1417 754 11
464 38 8
1306 1593 4
964 1144 20
124 991 10
445 1657 5
970 476 5
157 1588 11
1074 1210 9
1158 34 12
81 1044 8
1546 1905 6
1979 1687 8
473 1789 12
1990 592 9
1937 1008 4
1428 1276 7
328 1588 7
89 1535 7
1393 1500 17
169 331 6
1210 1558 11
1039 690 6
801 1248 6
438 606 11
913 1700 10
1135 1768 11
638 1444 8
442 1062 12
79 1963 10
879 1262 8
796 77 11
1617 1497 6
461 1985 8
1078 1539 8
1476 577 5
1064 1445 15
1921 642 5
1088 344 5
534 613 4
1490 122 4
912 1345 7
1871 1681 7
809 1466 8
1106 1087 7
1312 1819 8
342 947 4
177 939 9
1689 1016 7
1875 244 23
1417 1662 16
860 782 8
892 1685 7
460 400 8
1234 1705 12
172 1270 8
1662 863 17
556 1086 6
790 1676 9
1077 130 8
34 66 12
310 1042 11
1195 1387 7
1717 489 11
1861 543 6
737 764 4
1540 1992 6
116 393 9
238 66 8
1147 1832 8
468 549 9
969 370 21
506 1879 15
1157 650 7
948 911 17
350 695 11
1477 94 9
403 635 8
3 130 29
992 1200 11
826 501 8
1986 1065 4
1347 851 4
753 1608 8
694 1192 4
1578 1813 5
756 146 7
1949 506 4
1367 305 4
970 1373 6
432 1141 6
1997 458 11
169 157 9
1822 1733 11
995 1134 10
660 1236 11
475 1599 8
1669 941 8
1410 1809 7
775 1301 8
550 1502 8
1160 1846 26
1249 688 6
786 524 7
1764 1058 9
1738 258 8
1651 1919 6
1806 733 7
1831 1105 8
229 688 4
632 880 6
464 103 9
1732 184 5
999 1944 7
276 1454 26
1288 571 7
886 193 10
1028 1765 4
319 1008 5
798 268 5
1036 190 20
430 1266 7
1515 348 5
429 1788 6
423 645 27
897 1300 12
765 235 8
212 897 9
66 294 9
697 235 11
1060 745 29
1977 508 29
562 288 5
1191 769 7
167 1555 7
826 848 8
329 789 11
1043 1277 4
273 1723 20
987 372 7
1608 91 11
2001 1005 4
544 1318 4
1390 868 6
1358 1260 5
838 1217 5
581 1944 13
324 1349 8
1866 1991 6
1754 1474 8
375 1611 16
486 1549 6
520 1471 10
1177 5 6
715 1432 11
627 693 20
1858 875 9
1902 860 6
666 1772 8
1329 1790 8
1805 1511 12
1398 1355 9
1384 1766 8
1542 200 5
793 782 8
1980 698 5
1603 248 10
556 2 8
1856 1825 5
231 842 9
1965 750 11
1274 1701 11
703 1747 7
804 306 8
1252 77 8
767 677 4
144 1206 7
33 161 6
273 238 15
1444 1747 10
1401 403 6
516 100 7
965 1984 10
1495 465 6
713 1220 4
1933 714 12
1105 1973 12
12 313 13
1704 988 6
213 1958 5
41 1498 27
499 1879 7
1272 838 11
535 1684 17
866 1027 5
1030 745 9
1948 1298 11
305 496 7
1273 526 5
1712 1447 30
335 89 7
930 1276 6
1942 1342 7
107 931 7
772 1447 7
1482 626 7
237 1254 7
1839 791 11
1259 49 9
1243 1865 9
1770 369 8
890 1145 6
68 546 5
1661 710 6
385 1869 8
1258 1357 7
758 1578 5
1855 114 19
1055 1239 7
98 570 12
973 1066 6
1396 1513 6
1690 45 6
1187 1282 7
96 1344 6
912 1131 13
1456 200 5
1264 163 15
956 1805 10
1652 18 10
806 1883 9
1876 524 7
1816 923 9
1711 283 12
120 732 5
1433 1449 7
938 1137 16
335 890 8
1886 1620 6
1536 661 30
750 1340 6
1131 86 6
225 1140 8
1939 1338 4
1745 1834 7
1014 1044 7
610 1891 9
1901 1771 6
1170 1373 5
1980 1220 4
172 790 8
921 927 11
809 741 11
526 1874 8
170 583 7
1186 1237 6
1052 808 6
988 1587 6
1035 1947 9
1288 1548 12
297 1795 8
165 350 7
944 1524 7
1769 1349 17
494 681 6
1520 609 12
226 1218 30
798 986 6
1315 1851 9
1481 643 5
191 497 21
1456 1765 8
74 603 4
1906 57 8
1031 823 11
582 1244 9
1127 584 8
957 1500 6
1549 415 8
131 1415 6
364 799 9
814 85 7
904 1772 5
1384 1177 6
542 573 6
1433 1695 6
1067 1987 9
1836 543 4
1076 1026 12
602 144 6
1668 1048 11
184 173 5
610 1155 7
1090 293 9
758 336 5
1338 1363 8
1501 1065 8
1203 1481 6
1292 235 13
747 1293 7
1563 1909 5
929 1611 26
561 802 5
14 1556 27
859 712 12
1493 688 5
11 1562 26
893 1881 11
1092 1631 4
70 1035 8
1817 1680 15
1338 669 8
301 1511 15
1823 1024 7
311 1387 6
482 1030 7
217 188 8
52 549 8
695 353 6
1404 1541 8
1746 1113 12
1754 1601 9
264 1657 7
1699 1041 11
857 1405 6
1545 948 9
441 1765 7
253 1080 8
411 1935 26
1219 806 19
1152 163 30
999 468 7
1138 1021 13
1025 435 12
355 554 9
233 714 11
1902 1205 4
1963 244 12
1912 402 9
396 601 4
776 150 6
1262 1884 11
1990 1440 9
346 723 7
599 1114 12
805 277 8
1920 1646 21
979 18 9
1982 582 8
1226 73 9
354 446 11
1144 192 5
1360 891 11
909 1267 10
28 497 12
746 292 8
277 986 4
241 844 5
755 1235 5
1214 1518 11
1922 245 6
216 168 7
1335 1392 12
507 911 11
1433 1302 20
163 1300 9
1535 565 6
413 572 11
813 470 6
371 1543 5
1189 1775 10
1410 820 17
372 1136 9
1176 1109 4
1138 1529 9
710 1905 4
823 1961 27
1083 554 7
621 1690 11
120 722 8
1434 1469 23
251 897 9
1579 478 6
1538 351 6
52 861 9
1344 688 7
208 1096 11
878 1710 8
655 107 6
576 1095 8
582 196 8
1477 92 8
1866 175 10
737 772 8
1276 764 7
1476 880 4
364 1868 9
1582 1047 10
874 1256 6
737 1297 5
448 1815 8
1237 944 7
301 201 8
1415 1908 4
800 599 10
875 707 6
1296 642 7
272 1912 11
1973 1509 12
1902 511 6
4 521 5
1863 124 11
971 120 7
307 53 8
951 1409 11
1799 476 4
702 601 5
1949 790 15
1510 39 5
525 1030 7
123 1550 12
727 1315 30
653 313 6
970 534 6
1653 52 6
478 444 7
1820 429 13
1898 315 11
25 1507 4
174 1744 12
1206 384 4
1174 1247 7
1149 1464 15
804 735 7
1683 1074 30
1524 492 4
899 1430 10
807 1641 6
27 1924 11
976 1054 11
1167 1673 7
1669 65 16
531 987 12
452 1108 17
1663 1908 4
1713 46 7
341 1517 6
729 296 4
1163 1380 20
1351 1950 12
625 1613 6
1346 110 11
887 407 21
1069 1886 4
682 795 5
309 691 12
1113 662 9
570 1592 11
1606 1516 29
711 950 12
1347 1517 8
1090 1560 26
229 1782 6
1929 14 7
1527 1097 10
858 755 6
246 1462 11
524 476 8
1616 709 12
1212 1072 4
1263 797 8
424 450 4
446 118 5
799 1032 7
1337 1441 6
528 1179 12
1652 338 7
638 583 12
1586 1083 9
1894 401 11
550 1390 30
1400 686 11
157 563 17
885 527 7
361 407 7
1379 474 6
741 588 10
1597 28 7
460 1601 11
1363 530 6
1784 1181 7
1330 1230 11
1514 1340 6
744 685 8
1419 515 9
74 1301 7
507 334 27
802 699 5
668 1919 5
173 1974 4
857 717 30
76 1889 6
1241 950 11
674 916 11
351 49 8
1949 1641 4
1059 841 5
647 1344 4
217 708 27
720 247 7
374 382 17
1660 298 6
440 1161 8
1972 1981 7
1235 51 6
704 1700 9
1330 252 19
158 449 6
1604 1127 5
1124 588 10
1753 643 4
1617 1643 4
181 1507 5
1988 1940 6
85 1989 9
704 353 9
971 1999 7
1669 1011 8
1080 1301 6
305 955 8
1959 1983 10
1800 1033 10
1460 852 11
1183 189 12
1020 1742 6
1001 889 6
1164 404 12
1447 302 7
556 216 15
946 249 12
1438 686 9
163 66 7
568 1210 10
1503 1819 4
745 1847 11
197 65 7
581 999 7
1209 110 7
1440 704 7
1392 1108 7
146 1708 5
1648 1067 19
1498 29 8
124 1370 10
1530 287 9
559 1379 7
1482 1076 10
612 580 6
1852 1098 8
1767 692 9
419 1192 4
1023 1223 9
809 630 12
807 772 15
545 332 9
108 634 19
710 537 5
1541 690 17
1889 1621 12
1457 460 9
1817 1035 15
1548 1854 10
1232 1385 5
411 560 9
1427 325 5
535 640 12
1384 1804 5
1114 1727 11
1986 615 8
607 319 4
1143 236 30
1191 1872 11
520 1950 9
1315 950 7
1610 1605 13
1380 528 9
558 399 7
216 263 7
1657 1740 7
1879 1796 7
494 1807 5
311 983 4
158 338 19
1342 1555 7
1726 610 7
494 902 6
1794 1081 11
1764 1198 6
1422 86 11
1937 1001 8
1116 384 6
435 1903 7
1675 429 8
1907 1044 26
50 1913 7
37 671 7
1726 1155 13
1704 98 8
998 771 4
1836 896 5
1186 884 5
1116 1623 4
866 1741 7
97 1643 4
762 358 7
1051 776 13
1590 325 4
960 706 10
760 1377 8
256 910 6
575 80 8
2003 130 8
971 685 8
1034 1722 8
1426 818 19
405 952 12
754 1361 10
1079 679 10
297 326 15
737 1276 4
826 657 8
226 1532 8
605 1487 11
225 1165 7
347 1368 6
1492 1010 5
504 1702 8
936 127 4
242 725 17
922 1721 12
196 1244 9
1982 1243 8
1520 599 7
13 1311 8
1171 368 10
24 528 9
1602 1229 7
304 1603 11
226 333 9
622 829 11
1407 165 9
1725 1991 10
1325 1654 27
687 877 6
628 1380 12
1461 1644 7
1802 1092 8
544 1418 4
840 1073 9
705 1719 10
1506 1578 6
906 181 5
348 603 4
1960 624 9
463 313 13
1533 939 9
539 9 16
431 1460 12
1946 443 5
1040 116 8
284 19 10
162 1397 11
612 1733 7
189 1777 10
1447 790 6
807 1316 4
1323 971 6
1908 1080 7
546 1807 8
1566 1514 10
212 747 8
1157 543 7
302 1676 9
575 409 9
378 888 6
1628 797 6
177 707 8
1986 699 4
134 956 23
239 1270 6
1964 994 7
89 1992 5
1692 816 9
1262 1101 7
1854 1599 6
1231 1015 7
626 581 12
1039 199 6
273 1257 6
1642 1547 6
1949 534 6
1171 31 6
250 439 6
1132 100 16
1198 914 8
1801 1623 10
1060 730 8
1918 1964 30
1789 1046 9
1926 1885 7
605 725 7
1749 269 11
1431 432 10
185 134 12
137 1366 5
1068 316 5
1939 1317 20
1027 898 8
765 1884 26
121 768 12
579 753 11
276 1928 9
449 1420 12
801 859 6
933 1267 10
542 111 10
1149 793 7
1380 757 11
640 1011 19
876 1904 5
1398 912 9
659 1240 6
766 863 6
570 822 12
962 1192 15
1976 642 8
1529 34 7
1348 330 4
1585 1718 17
153 1047 9
1068 867 7
1425 1850 7
1505 1218 7
1111 1051 6
112 547 6
1817 427 20
298 60 5
71 736 7
1746 28 12
55 1765 6
548 1247 8
165 383 17
1323 631 8
1259 1538 6
1388 1091 10
1945 579 12
434 1005 5
1203 288 7
220 678 17
856 800 9
1278 616 10
634 734 12
1523 1137 26
154 1536 6
1445 1663 8
1377 1373 7
1842 271 4
748 938 12
1466 1770 11
327 779 6
516 192 19
1399 472 5
595 1766 16
1801 893 5
1472 437 7
438 888 11
1459 1619 6
1951 1175 7
731 1393 7
1699 553 7
46 543 6
903 30 12
1774 381 10
1444 58 13
1019 1936 16
888 714 9
211 1153 12
815 1664 21
1390 386 7
1753 1358 4
1270 1664 8
1418 54 8
667 353 13
656 1161 13
8 731 11
337 1091 17
1173 1887 27
505 489 6
193 785 6
227 95 8
1363 615 6
321 978 6
752 587 7
758 200 7
1250 1830 6
1982 1827 7
982 1919 7
1028 1247 8
1971 279 7
859 869 10
612 891 7
1399 1996 8
1458 374 9
619 1884 16
664 234 5
1207 1811 8
1250 1258 8
1795 1694 8
1506 1247 5
342 1253 15
525 586 11
1038 137 4
627 844 11
1354 423 11
456 1745 7
441 200 6
26 1336 8
804 1485 5
940 1220 4
278 730 12
274 1726 15
223 1923 11
761 660 8
227 376 7
577 1768 16
1197 662 12
1632 1148 17
1968 1682 11
273 1279 4
1954 1815 4
136 56 7
1873 1986 4
637 731 12
1350 1623 8
914 1717 9
1738 32 5
1794 554 12
1159 1384 5
3 1781 8
772 222 7
652 1919 5
485 812 9
143 692 8
454 1253 30
1075 1668 12
918 1545 8
477 1622 8
1683 1326 7
1334 595 6
965 429 13
1468 471 7
1193 1180 8
914 781 10
19 1505 12
1420 1044 16
1720 1892 11
1948 1509 11
1907 567 9
1602 1723 7
420 1943 13
172 1988 7
422 576 6
1093 1885 4
1877 291 20
686 1437 12
879 235 9
1860 1508 11
1374 1796 11
881 1004 6
18 1576 12
810 14 17
500 285 13
240 853 11
768 1611 7
1115 960 11
555 993 7
482 1576 9
780 961 4
649 1631 7
320 1724 6
1535 71 5
534 1821 8
1088 998 6
874 1354 15
856 1743 6
716 601 6
790 302 8
185 1912 11
1678 1016 5
1162 594 11
127 536 8
1888 207 11
401 1146 8
1786 1582 9
1160 1340 10
1960 1794 8
1266 1646 12
1237 492 5
235 1792 6
1647 1117 8
1528 1415 5
1365 835 8
667 695 10
284 895 8
12 920 7
180 1586 8
480 1688 4
1102 397 10
957 812 12
1425 548 5
1882 572 7
287 1914 11
962 671 4
1622 1413 7
335 487 20
1347 1251 4
1444 1597 9
657 40 10
811 239 8
1449 1972 7
839 99 7
815 1814 8
511 1441 7
440 1475 9
1437 1541 26
1336 1107 4
1985 1222 6
1202 1651 4
569 1090 12
1880 63 8
1859 478 8
978 1411 13
89 845 5
896 650 6
778 655 10
739 678 11
261 45 12
1069 390 5
869 712 11
954 726 7
1830 1246 7
1653 220 9
172 1282 8
145 1022 6
56 1659 11
307 71 8
1104 1929 6
1742 564 4
1198 942 7
1806 966 11
1013 1686 12
841 1593 5
1678 1517 4
1097 1101 19
455 1633 11
793 527 5
553 128 9
1315 1654 7
1965 711 12
331 223 8
978 1032 8
439 1820 6
1464 900 7
1327 645 12
971 478 5
281 1351 6
600 555 6
1896 1021 13
964 1713 4
1836 192 7
1027 602 5
1546 1667 6
352 669 8
637 106 11
1359 455 10
1212 1874 5
1498 1922 13
146 325 4
254 1928 11
834 882 20
1129 1492 7
787 1614 5
773 1385 7
560 76 11
561 1873 8
445 1503 5
1055 1035 30
701 444 8
65 1251 6
1776 134 20
693 532 4
709 247 16
113 1709 11
1505 820 11
1299 1284 6
295 578 9
1120 1965 8
93 51 5
633 1293 6
1272 1217 7
37 688 5
298 668 10
1956 1768 8
415 217 7
1428 40 8
1535 1841 5
964 26 4
1739 1843 7
1536 1692 8
322 40 11
417 1463 21
1852 7 7
1296 51 6
1524 296 8
40 1191 12
724 1555 7
1263 1594 30
1405 1084 30
1061 1016 4
1842 847 19
1439 1315 15
1458 36 10
753 114 10
443 867 6
1154 1627 5
751 1804 7
444 1037 7
1486 1595 8
655 1737 12
1158 997 7
428 1483 11
38 308 11
1134 80 11
1531 311 6
1400 1961 7
973 1655 6
892 1173 11
1603 257 6
1632 1053 11
625 822 7
378 542 6
1035 280 8
696 196 7
35 866 6
1007 149 4
1880 1639 10
742 1626 4
1286 242 9
550 20 9
946 888 11
261 835 12
570 1710 8
1939 1299 7
1193 345 6
1982 544 4
65 181 4
141 498 5
1802 892 8
541 763 16
1215 1943 13
281 1227 19
1214 1566 12
212 1896 27
665 698 7
253 1528 6
1023 794 23
1618 1891 12
1960 369 9
863 1148 7
151 769 11
1330 2000 11
964 1243 15
1383 535 9
940 947 7
102 94 27
1716 310 8
1168 636 11
1261 425 8
1103 907 9
981 729 5
503 1008 5
537 1766 11
992 394 23
1275 1098 4
783 153 12
128 873 11
349 292 6
1824 1478 23
1437 1598 9
1644 390 4
1852 200 6
2003 1781 21
38 1565 7
1197 1880 6
365 730 21
1168 657 23
1755 1997 8
608 1436 7
613 1821 8
419 1318 5
1854 799 12
162 423 11
1257 339 8
1085 1393 8
101 1473 8
1552 1195 5
1877 998 6
904 1028 7
902 1029 4
1092 1631 16
132 81 9
1170 677 5
1957 1862 19
1397 869 9
1644 1069 6
1900 992 20
969 1412 10
663 731 12
187 796 5
1906 531 8
1219 106 11
660 517 12
764 1874 8
272 383 11
593 671 5
1107 95 4
778 848 23
1130 573 8
1476 1808 8
1126 1612 6
1043 1930 4
1093 1691 4
1802 532 8
1784 398 5
1010 1093 8
1122 1163 6
1588 1305 12
341 1942 7
629 1726 12
561 214 4
430 939 10
1815 1386 5
324 369 9
264 1507 15
1668 1541 16
219 624 8
598 263 11
753 1509 21
1548 1618 9
1055 1215 6
1946 1643 5
366 1913 9
1831 1491 9
60 10 6
1519 46 6
1931 869 10
1807 1808 7
484 292 8
312 1423 8
1552 919 8
335 1309 15
612 394 9
1285 931 6
744 1681 6
1336 987 15
45 196 12
77 1985 4
877 1387 4
1473 1788 12
1375 1397 21
1817 1086 4
1218 617 7
4 1753 6
253 292 4
130 1381 11
147 1500 8
227 1962 5
1199 1137 11
399 218 11
1018 878 11
1287 395 8
428 645 7
1314 1303 26
1439 1456 7
279 1320 9
274 982 6
1561 32 8
703 1585 26
352 561 8
1725 115 9
1160 1294 8
1045 1223 10
640 937 6
687 1447 15
1071 812 12
334 1846 8
721 917 17
1066 668 8
999 661 6
523 184 4
1803 1719 17
1937 1940 5
325 1522 5
41 528 9
602 1881 8
102 1718 8
274 1468 15
1177 1667 7
623 294 10
750 711 12
55 1852 5
715 207 16
140 292 8
972 684 5
1434 1705 11
550 1695 9
486 188 6
1334 864 6
1135 546 6
1900 814 6
633 1265 8
904 1850 8
1709 1364 8
500 1893 7
1593 437 5
350 917 8
824 1914 9
813 1321 4
627 1175 5
1942 1555 6
361 143 7
1494 1618 9
136 1113 8
1667 1513 4
1803 86 7
961 1607 8
151 469 9
1083 1353 12
1157 1106 6
1050 1036 8
529 612 7
271 975 4
647 688 8
1829 597 6
544 54 8
348 777 5
1372 1073 12
421 1962 8
1575 1271 30
877 1871 5
938 1848 12
1333 1033 7
872 1534 10
1972 700 7
736 729 16
1821 1181 5
398 1395 6
1164 1178 7
1755 599 10
1457 863 10
1525 471 10
1276 1687 5
1329 732 7
377 1828 7
1160 918 9
1642 1741 8
588 772 12
118 984 5
1250 1357 4
1838 43 11
1287 538 5
1239 533 7
817 1540 5
1143 912 6
118 1766 5
329 1467 6
433 1162 12
1686 1303 26
584 474 5
1375 1981 10
170 497 7
428 700 12
1926 658 6
1435 659 8
1704 625 30
1068 1916 5
1355 1141 6
1961 1516 9
1953 1334 7
1437 690 10
342 652 7
133 1565 12
1570 1325 17
1178 381 7
730 1504 9
1724 1727 6
1847 18 8
1178 1267 17
1130 1684 11
425 1238 9
1991 1947 10
215 789 11
1995 1520 7
787 210 5
1267 855 6
928 1509 8
728 1998 30
753 471 10
1460 189 23
1169 1567 9
15 617 7
931 1577 27
205 1820 27
1470 482 7
1758 437 6
488 1748 12
328 112 12
237 207 8
317 630 19
1427 229 6
520 1936 26
461 970 7
1823 1978 5
858 78 8
1986 762 6
1203 344 6
1432 1305 21
408 993 4
1343 1207 6
998 1034 5
1860 1009 11
1223 794 12
1474 252 7
1518 1570 9
1482 861 7
1704 569 9
297 831 15
1156 1382 12
1440 721 8
664 1426 7
1521 1132 5
1773 989 4
1670 650 7
1116 1547 4
726 1471 8
1355 929 12
1354 1701 7
1245 27 11
1512 383 6
224 721 7
1077 924 12
1253 91 7
583 1625 9
242 528 10
1962 1132 5
654 203 6
1345 1131 9
1881 782 4
664 1821 4
1531 687 6
1816 912 27
1915 1190 5
1713 836 8
786 846 8
949 1771 11
406 1132 6
1251 181 5
647 1394 4
1034 858 5
852 1303 7
1670 1132 6
1194 1399 6
819 539 5
1521 21 7
1595 851 6
134 1017 10
979 525 8
1281 1137 26
1616 1727 11
608 1784 11
369 1124 12
619 815 11
1306 1296 8
1049 931 11
352 1031 8
1029 1856 8
1842 902 6
1150 696 7
2000 1053 9
484 603 4
1486 1061 6
623 633 6
1226 1219 10
1671 1567 10
246 1624 11
1088 1722 5
307 296 6
24 1922 9
1705 308 7
1952 623 6
1208 18 9
1741 1547 5
311 1832 4
709 1550 12
465 1287 5
60 1696 5
82 978 9
135 1246 5
197 341 4
1641 187 6
1369 1900 6
1597 1747 17
1783 1702 29
346 1278 9
1953 808 5
592 402 12
1149 717 15
1252 1799 6
935 87 6
708 1491 13
1369 1557 8
1323 919 5
1472 160 8
1842 1256 4
409 1705 11
1998 1430 9
982 1220 5
1993 459 7
1476 1732 6
106 806 27
1432 1615 10
1559 850 10
526 1638 11
1227 892 12
383 924 27
299 1442 7
1916 474 7
1795 33 6
1801 1283 7
1995 1189 11
1481 1593 4
297 926 4
169 1289 10
874 1750 6
1057 245 12
1032 1599 17
652 1696 8
436 865 30
508 202 11
556 518 4
22 597 6
728 334 6
1190 1116 5
1202 1660 4
854 149 5
532 1301 6
377 1360 12
973 1339 5
1371 152 8
894 1402 17
1383 275 13
882 1598 11
144 885 5
665 10 7
1123 183 7
373 1337 4
1309 553 7
343 99 6
1834 69 12
792 177 7
1261 473 7
813 836 5
1389 1838 8
454 708 9
1474 1662 11
620 787 6
1326 2000 11
1007 984 4
1532 820 11
829 672 8
585 637 6
426 1625 8
1844 1553 4
1424 552 6
1428 587 6
119 1067 12
1038 330 15
1282 702 5
501 1227 10
1017 540 10
1145 565 5
1253 551 7
346 1715 7
1545 911 10
388 1526 9
1943 1118 6
1641 234 4
794 1361 10
756 1344 8
406 543 5
1310 1872 7
977 1999 5
1418 987 8
139 1555 5
314 1209 17
483 228 11
513 989 6
710 984 10
1981 1354 12
482 1847 7
1489 1021 11
113 452 7
146 424 8
1692 87 10
542 1656 12
1673 1980 5
1351 1173 11
645 1311 9
1467 1863 12
1866 1406 6
743 1602 7
1459 1788 12
1933 11 12
873 1443 8
183 1485 4
1403 1401 6
15 1935 11
1573 240 9
579 551 12
313 861 6
1749 1223 9
985 1341 4
1399 1192 8
961 1885 6
862 1281 8
990 1395 5
1659 1197 6
920 313 9
1367 889 6
1421 668 8
1114 1984 7
656 915 10
153 670 23
1529 329 12
1897 1850 4
208 1140 16
1006 419 5
1952 289 6
249 1382 23
1899 103 9
1140 107 17
1023 104 10
687 983 5
209 1658 7
258 1696 4
1505 1621 13
1900 1291 7
1666 1140 11
1290 266 7
203 788 13
1797 1839 10
231 894 26
1298 1875 11
321 1419 30
1468 359 11
417 672 8
1739 469 10
1911 316 7
1878 1709 6
1556 75 9
959 565 5
244 114 10
379 931 11
252 1650 9
644 1343 8
273 1844 4
1600 1943 11
1495 1807 6
1496 1118 12
987 1615 7
1429 33 5
1052 1614 4
56 1824 12
1072 804 4
1587 322 7
1809 1994 8
362 234 5
1418 127 8
1623 1441 5
170 1478 9
448 502 7
253 1415 8
1114 856 7
1670 1378 8
461 1181 5
454 479 9
719 1808 8
1771 1208 11
1842 1728 20
811 23 4
1316 967 8
326 1964 7
1015 945 11
1379 1694 5
23 1988 8
1142 339 8
1111 1837 20
251 991 11
1611 1141 17
1497 1229 16
846 1436 5
1088 521 6
1977 994 8
1935 1994 17
557 1182 7
1535 555 6
1958 1421 5
191 1625 8
495 1861 7
460 252 12
372 1923 7
1959 430 9
1996 936 20
537 502 6
1201 634 10
1448 1510 6
1180 1635 11
1675 247 26
715 1785 12
1292 879 7
639 788 13
50 1508 11
1286 725 10
1695 1763 13
39 759 5
617 895 9
831 1070 26
391 723 12
1465 1206 7
1041 1834 12
1783 397 9
1750 6 5
432 768 12
1295 92 6
1486 1507 7
264 1517 5
742 1025 8
38 283 12
62 1343 6
1558 1662 7
410 1857 19
607 1187 6
127 450 6
364 1411 8
1475 1161 11
797 1148 11
1068 1229 8
1117 735 8
600 513 20
1724 925 8
1291 1216 11
1231 45 11
266 1901 11
174 1104 11
500 1393 26
1842 1185 4
1274 1484 8
1934 810 8
327 138 12
829 142 9
636 1560 7
1666 45 12
1921 288 6
4 643 5
1904 1772 11
1554 27 6
1678 851 8
342 274 8
1783 774 8
598 1567 9
1715 90 9
1040 1810 30
995 1234 6
1627 1321 7
1097 1664 11
1656 1562 7
118 1630 7
1213 823 17
452 517 7
265 48 10
1797 1993 6
1991 1471 6
1642 371 7
323 238 30
1886 1387 7
903 791 12
1115 314 16
1033 499 12
1446 1526 11
393 933 8
373 860 4
1203 841 7
1202 447 19
1638 1485 5
1439 168 15
441 1456 8
1813 1542 4
659 1166 4
509 1222 6
1895 1195 15
301 1191 15
1857 336 4
498 1757 4
797 1417 12
1315 1356 7
1547 1350 5
1069 631 5
1504 1014 11
1629 822 19
1691 615 6
1757 1841 6
1901 949 10
144 1109 8
1766 5 4
1119 1416 23
141 884 8
470 836 4
1750 1825 7
1242 324 7
1450 353 11
558 219 8
129 291 7
1050 496 7
658 1126 4
1859 1714 8
1697 679 10
1324 1843 6
1139 508 9
259 1056 6
1850 1551 5
1061 851 8
1390 1280 9
1532 1636 12
1202 1066 6
1150 1140 26
1419 1155 8
1855 1945 6
835 107 10
1817 1439 4
1184 1632 9
976 1777 19
1022 1200 12
1208 422 10
527 1779 8
100 470 4
1607 1885 6
86 1715 12
937 951 12
368 1621 11
1722 521 7
884 959 4
379 208 12
579 1454 16
1964 202 7
1391 1372 11
1536 1062 20
482 730 7
1672 416 9
1508 882 11
132 586 9
357 514 5
1238 1785 12
483 1705 12
152 245 11
440 1929 10
509 1677 6
964 1736 15
473 169 11
928 1608 29
701 1329 8
399 1083 7
1028 1275 6
1045 1628 12
283 80 12
960 128 8
462 1935 16
361 1573 6
1830 330 6
1754 1223 9
562 642 8
1942 99 5
1409 1684 10
1723 1617 5
857 1971 9
1119 1633 11
1474 766 11
345 765 8
129 821 19
840 1548 11
941 1819 6
1699 1834 12
689 1657 8
1381 1700 8
1075 823 11
209 668 5
1405 1971 6
1422 1328 17
380 407 11
1399 450 7
1801 1909 4
1633 1884 7
311 1620 7
1692 1730 9
920 1076 9
1976 564 4
1043 864 6
680 1064 7
1743 416 9
1824 1197 10
1289 1785 19
1538 852 12
811 1348 20
1825 395 16
156 637 8
1308 1987 8
155 105 12
216 1204 26
839 1819 8
355 1466 8
649 1812 8
975 1029 10
1785 223 9
811 716 4
1082 221 11
1619 1727 7
217 471 11
554 302 12
276 1491 8
39 1283 5
1270 455 9
110 553 27
241 1301 7
291 1742 6
1944 1000 9
453 1689 8
1511 721 26
388 903 8
1123 1812 8
1831 1963 9
357 1415 6
1878 380 10
293 1324 11
1496 47 11
932 954 8
773 7 7
1902 605 15
1480 1943 9
1968 40 19
371 782 4
1525 79 9
1702 900 11
1554 1245 10
981 993 8
1995 64 11
1163 1783 30
1376 1693 7
1745 963 12
435 1664 13
51 160 16
1364 143 11
842 788 11
624 554 6
1238 1610 8
1354 1397 13
1345 616 11
1353 1770 11
440 763 26
1233 1293 11
778 148 9
1331 1213 9
150 370 12
1462 45 9
485 1883 8
26 346 15
1188 624 13
214 1492 4
694 96 8
807 1228 15
1565 1374 9
1787 1994 6
642 841 6
811 1447 8
1162 623 10
1957 204 6
1020 129 7
1885 1674 5
373 866 6
1438 834 6
368 820 11
600 580 15
1431 923 9
447 665 4
1753 564 5
544 1427 8
611 93 10
1734 603 6
1396 1052 5
373 1783 15
1099 1671 9
600 53 4
340 1313 27
1089 349 6
398 77 5
1453 1324 13
1658 940 6
1064 1415 5
831 1293 11
3 540 9
1221 1035 8
987 207 26
925 205 7
864 1760 4
1694 539 7
566 1332 11
1171 1410 9
174 763 11
1924 1574 23
1269 510 8
1218 1271 6
1666 261 11
1238 1605 11
303 1846 16
503 1250 6
571 1966 17
1653 179 10
132 1290 6
733 1146 10
1800 505 10
941 1347 4
1557 1200 12
1911 339 10
1756 910 6
1043 1613 15
1906 1590 16
1477 1746 9
1765 1385 6
1503 139 7
926 161 6
833 968 11
1242 389 17
1879 1469 9
1020 437 4
466 28 9
1840 1283 5
1580 941 6
1603 1079 6
1123 1212 7
988 1090 8
906 1517 6
680 1301 6
824 1443 9
1817 1998 15
448 620 4
163 789 7
323 1162 20
726 115 9
377 915 17
1075 1598 12
321 1548 20
344 1722 7
664 1151 6
993 1024 5
1810 8 9
1194 671 5
1 1667 7
39 1547 7
105 1489 9
1386 1007 5
272 924 19
1379 539 6
1496 1936 11
1486 99 7
1482 1609 12
669 1284 7
741 1466 8
1102 1371 6
1102 779 6
739 833 12
1123 737 16
649 357 8
1112 476 5
1630 1954 6
821 643 4
214 699 6
1823 1773 8
658 1284 8
10 1339 8
620 751 6
1709 886 11
322 469 9
1756 1637 12
1780 1335 10
601 955 6
67 119 9
273 1743 15
456 27 11
926 1844 7
1622 889 4
1459 1675 12
239 1101 7
1613 1710 29
822 1710 9
1737 1140 7
888 508 8
443 1452 8
1191 625 7
1066 1561 5
31 895 8
1338 59 4
942 883 11
1531 120 8
438 1139 19
55 336 8
152 41 7
1955 75 8
623 747 6
427 122 6
1116 1465 7
1389 1715 21
398 1821 5
1373 77 16
964 1670 19
816 463 8
987 1305 13
967 1985 7
1665 1450 9
888 249 11
1648 370 11
1716 280 21
559 33 8
972 1087 8
968 653 10
248 257 11
1331 1860 10
890 307 8
127 870 7
1470 1583 11
368 31 11
155 34 12
503 1357 6
1913 221 17
360 81 27
323 1896 6
743 339 4
1100 583 19
142 1463 12
368 617 19
449 1583 11
1486 1819 4
896 618 11
1651 1696 7
1263 255 9
696 848 9
1305 1865 9
1965 1654 7
1004 820 6
1545 1294 13
1314 717 7
1584 1126 5
1077 2003 11
825 1146 9
770 1009 12
94 1585 8
1018 1103 11
1225 213 4
649 1352 8
1731 653 11
451 1553 4
923 1278 12
1191 171 13
47 1471 6
289 1162 11
195 903 6
1675 720 9
883 283 9
433 289 11
1707 1172 4
850 1349 6
1953 5 8
209 213 8
838 1132 7
890 1346 15
784 1792 11
17 86 12
1888 1588 12
72 565 7
605 29 26
1899 505 11
574 1848 27
11 412 9
1261 1789 20
1402 1845 7
1795 1452 4
797 1558 12
878 1168 11
967 1181 6
1706 800 23
1308 150 9
1955 915 10
1859 722 8
1237 959 4
1882 1961 7
1534 636 11
850 1153 12
446 1386 5
1872 822 27
63 28 11
1071 1393 11
1861 421 10
58 28 6
673 173 19
1849 1303 16
544 696 8
867 1142 5
872 636 12
290 1689 4
1287 1172 7
576 1504 10
864 1159 5
206 157 8
1093 1693 4
248 574 11
1723 316 5
1627 192 5
1536 442 7
838 227 5
380 1845 11
187 818 7
1743 1672 8
749 286 11
1731 1076 9
1939 1606 8
1143 749 7
1546 1760 10
1843 171 12
1072 480 4
1799 1677 7
1764 483 8
1527 22 6
784 825 7
1955 1828 10
1625 2004 11
204 757 12
1594 252 7
545 405 9
1716 1685 10
973 32 5
1776 1665 8
592 1665 12
1012 1443 9
1747 58 6
210 751 5
835 621 9
1679 1646 7
1893 1414 7
1055 1725 20
20 1484 6
357 746 6
1627 1272 5
532 349 7
560 617 12
1187 1258 7
1758 4 7
1175 1089 4
1566 1564 9
1095 278 11
22 455 10
88 729 8
1100 980 11
1074 1230 8
556 892 15
1337 782 7
23 772 8
555 1645 4
282 733 9
1372 1599 6
265 1914 13
1474 1053 12
994 111 9
1865 1637 11
609 1616 6
481 1200 11
755 642 6
847 512 8
965 1520 9
557 1979 5
279 1777 11
585 381 19
850 1676 10
119 776 11
1579 977 5
68 880 8
201 1804 8
219 1769 26
1023 1558 11
842 639 8
1312 1657 5
580 481 9
1936 1471 17
237 1605 13
1048 1516 8
1121 366 8
1494 1411 9
755 344 4
1382 1011 10
706 1346 12
1970 224 12
432 1196 6
1354 1390 7
397 757 11
760 1252 5
228 1565 27
1078 1011 11
1435 1893 15
622 1313 19
1160 1362 9
772 302 13
522 428 8
26 516 20
186 583 7
1036 889 11
880 1005 6
26 372 15
1689 181 4
1084 232 9
1531 1644 4
834 50 7
1477 170 30
457 1812 30
1155 515 9
754 1650 8
13 1483 16
778 1737 11
1085 855 13
187 990 7
611 1593 7
1597 83 10
1052 1905 5
1488 517 11
1607 1284 4
1514 899 6
761 788 9
1607 699 8
1306 642 6
877 1859 5
1911 1429 5
1127 1497 6
1257 356 5
1917 956 9
456 1554 11
320 720 12
1990 1917 30
1707 1856 4
917 383 7
301 201 4
36 1155 11
726 1215 27
1049 1577 19
1273 1798 6
1867 390 18
569 1310 6
1346 1309 7
717 1463 7
542 1224 6
1110 99 4
976 1698 6
1776 185 7
1977 111 9
170 1736 6
1703 381 11
555 318 5
1450 667 8
752 1687 4
1489 997 12
940 268 5
1017 917 6
1631 958 6
193 1402 6
1817 441 4
1012 48 11
154 12 9
439 1995 7
1079 1697 6
271 1882 15
1814 401 11
1494 1391 8
484 392 7
955 1258 6
1846 1340 17
70 1515 8
1642 1881 5
317 302 11
1256 880 8
23 435 8
53 492 8
1568 1763 8
1964 1139 7
1738 1793 6
740 1857 5
474 743 5
21 117 6
1150 931 11
533 115 10
42 472 8
1500 106 7
544 756 20
477 1008 4
1039 1598 12
786 1181 6
1413 503 6
1970 383 11
746 1089 5
437 771 5
1465 1283 19
426 191 11
366 221 10
1827 694 4
1070 747 17
1378 1217 5
1767 203 27
1649 915 11
518 1890 10
1712 558 6
1921 78 11
916 1648 10
371 1109 5
506 1426 20
1318 54 7
26 1521 7
1228 1148 11
440 1200 9
600 1270 15
743 867 4
467 1322 6
688 671 4
447 1919 6
1517 1657 4
94 1762 7
1835 1972 9
788 517 6
529 1733 13
208 1577 12
1942 167 20
412 1139 12
1110 445 4
1297 1870 6
1539 1562 11
304 430 7
1678 941 6
1538 1423 6
733 1792 7
1261 1243 30
1803 616 7
1941 571 9
521 78 16
1801 1741 7
737 892 8
1003 1646 8
534 990 7
1559 369 9
811 1626 7
909 1883 8
1233 997 19
683 346 7
1819 1251 5
562 1088 7
84 361 30
1302 1280 23
1756 1865 10
1803 953 12
1575 783 7
1097 1635 11
1221 582 8
50 1331 11
1092 1227 8
1153 1769 7
13 1375 11
665 1225 6
578 1914 13
138 1922 8
804 1117 8
1403 1674 8
333 1935 8
1594 794 9
1035 310 29
1626 319 6
646 9 8
559 676 5
79 471 17
548 666 5
1957 900 11
301 1661 6
301 1470 15
371 898 8
1998 1569 29
1256 184 4
1579 1195 6
1401 1010 4
1596 225 9
1309 865 6
1988 496 5
1809 1571 11
221 332 6
62 930 6
1719 1131 6
500 1267 7
1215 1936 8
447 10 7
47 1118 12
1499 939 9
406 1853 4
533 281 12
504 245 9
1583 1030 27
334 1120 7
946 535 7
1899 1058 27
571 1073 7
999 1729 7
330 319 5
198 700 11
388 1051 9
1649 1929 8
1094 1422 9
1286 1922 13
487 1773 7
320 416 10
666 55 6
371 1176 6
1311 386 11
1890 1542 8
263 776 6
755 160 7
1829 765 12
718 722 8
1775 64 11
1903 235 6
1906 1782 8
1735 515 10
704 1805 11
1831 114 11
1895 701 7
547 715 12
1691 1693 5
697 282 8
1188 1960 7
1512 165 8
1376 1010 15
345 1292 6
388 1111 6
1980 1919 6
541 1955 11
536 37 7
737 1428 4
962 1249 4
1953 502 5
1629 878 11
1529 897 10
683 1719 7
21 1217 6
1643 584 4
914 489 8
1544 1137 8
1809 1047 9
1680 1839 9
178 677 5
206 1865 10
1049 196 11
1404 545 7
899 1570 8
1338 1501 20
1218 1621 7
1196 1328 6
696 1577 7
593 1194 6
391 1131 11
1368 382 11
876 1542 10
303 1569 8
1714 1579 5
912 1611 8
54 450 5
326 994 13
1913 830 7
1496 1887 7
1707 523 6
837 1721 12
1239 1406 11
865 69 8
109 774 11
1956 632 6
236 90 9
661 549 29
1228 1662 26
737 1150 8
465 1341 4
346 43 7
929 391 9
654 886 20
674 1671 7
1128 1857 5
1295 2004 11
472 1708 7
1982 1006 8
335 239 15
697 1101 12
152 1487 17
436 1530 8
964 236 15
925 1727 17
1218 670 9
1863 997 12
1152 323 6
248 1848 19
1268 1748 12
677 846 4
1243 1305 8
968 549 8
612 1556 7
1949 786 19
127 325 4
431 829 11
149 1760 5
417 1091 10
439 1675 8
1263 766 9
404 1752 9
1900 580 30
272 1781 11
1592 171 21
301 446 6
961 1612 7
1171 881 6
754 1230 21
1533 849 11
398 1170 7
84 1236 9
141 1841 4
1991 932 6
535 714 7
56 466 11
663 1500 6
1083 369 10
1449 801 11
1532 462 12
571 1618 10
1855 91 11
1229 451 4
1081 219 12
22 1359 6
193 240 10
274 947 4
1271 1864 9
315 1298 6
536 1394 8
300 767 5
1079 125 12
1246 1366 7
136 1736 30
1990 1776 6
42 1344 8
104 1558 12
165 402 11
828 1690 13
947 1660 7
709 1755 11
1898 79 7
35 1543 6
1133 1452 4
1255 87 6
567 44 8
550 1433 6
331 1789 11
811 503 8
1674 699 5
1876 178 6
1621 1864 9
1125 1320 11
520 1943 8
158 1847 11
1472 821 5
1982 54 7
498 959 8
947 698 6
1062 935 10
1515 1415 4
1107 1713 8
459 1067 27
1580 197 4
737 1191 8
868 1397 8
673 1728 7
1053 1230 12
80 409 9
54 472 7
615 1693 4
874 985 4
1082 1404 27
672 1054 11
1630 5 4
1354 1483 26
1875 1928 11
717 189 9
856 1672 7
63 980 17
1976 611 6
1045 1361 7
210 354 5
1120 634 11
1219 485 11
1271 1621 8
1849 417 11
414 993 5
400 1601 13
652 973 7
49 142 11
1166 771 10
1463 232 9
1495 546 7
265 1745 9
827 468 7
786 1876 4
579 1608 8
337 1183 10
242 1957 12
151 1310 8
41 725 11
1118 280 12
168 1067 7
430 849 7
1820 101 7
684 618 8
663 8 10
248 1646 11
1631 514 4
227 618 5
538 1825 6
1336 1861 4
194 290 20
63 102 7
274 1505 15
230 1845 11
727 908 8
1147 919 6
689 851 7
443 9 5
1784 1436 5
1120 1294 9
1762 58 9
1757 414 7
1149 361 15
229 1344 8
380 1709 11
186 1585 11
611 1921 5
1877 1235 19
1574 706 10
1012 1209 8
284 1621 21
874 1031 15
1385 1850 5
1735 382 6
1592 40 10
73 812 11
447 1927 8
1279 1497 6
261 107 6
1624 1231 9
118 149 6
1134 1565 19
733 1903 17
544 1590 7
1110 1819 15
1249 671 5
1676 1153 11
1060 1504 9
172 1830 6
1628 1589 11
390 1832 7
1307 569 11
669 1211 6
670 19 10
1257 1452 7
1412 216 12
297 1114 15
951 508 8
1379 1322 5
88 71 5
1121 332 11
1168 872 10
1443 1574 12
1739 769 17
1954 682 5
175 280 11
411 76 8
1019 1887 12
1812 280 7
121 1328 11
91 1963 8
960 48 10
1904 1765 5
1185 68 8
1134 228 11
222 624 6
24 1057 8
202 1156 8
648 106 6
1143 1431 20
1199 875 11
1877 1003 15
1408 200 6
1695 522 7
681 1707 5
1464 1748 7
434 1825 6
37 1522 15
518 1086 7
115 501 12
547 1637 12
168 370 7
552 1562 8
74 349 8
825 1292 27
335 612 15
705 1803 9
819 1643 5
1876 1222 7
1302 712 11
1285 1231 8
1939 358 8
807 1316 8
1264 1964 15
70 392 20
947 277 6
1817 1425 6
966 1814 8
364 1032 26
317 389 11
644 183 8
702 319 5
267 1335 19
1481 1472 5
473 331 11
1333 505 17
1134 883 11
826 1072 4
1589 1223 8
1609 626 19
1376 1363 6
37 1427 6
1351 1019 12
1548 799 11
1968 98 6
108 1356 11
2001 1135 5
59 1065 7
1127 467 4
70 1951 7
913 402 7
815 1025 10
251 1021 9
341 1016 6
1592 1710 8
1133 1643 5
276 188 10
1199 1266 12
1293 997 27
157 493 7
1062 1730 11
1369 612 30
1427 1640 6
1122 327 9
1616 720 12
890 435 15
628 242 7
1166 1976 7
1069 1451 15
1048 221 10
1615 1605 6
309 1364 8
1304 1280 12
787 854 4
1554 922 6
1398 346 30
881 1636 12
734 950 13
1185 880 7
290 1251 6
560 1786 8
1040 1085 6
1212 1688 4
1169 1412 11
217 1963 9
1359 784 8
1823 1841 5
603 958 5
696 1332 7
1184 2000 6
1224 111 10
746 1734 6
31 1889 9
1221 764 7
1352 1175 6
879 1146 9
1594 1230 7
1930 625 15
1441 1206 16
1767 1402 8
1945 1928 12
1247 1826 7
1949 575 15
1793 277 7
877 1832 5
1813 122 6
266 1771 11
1594 1074 6
1007 1 7
1039 363 10
1086 1765 8
785 1845 6
404 663 10
138 757 9
940 1927 4
1327 1763 11
1269 1818 7
742 607 4
1488 1845 17
875 1266 12
1283 1109 4
1820 247 8
1485 1572 7
1571 76 6
1248 1302 11
411 1636 9
906 1678 6
1192 1394 5
995 61 9
1005 1341 5
136 1824 20
916 832 9
625 657 9
530 1885 6
1587 1560 8
825 1903 11
185 913 7
1017 1512 6
430 589 12
1823 72 5
640 202 11
1898 1875 12
135 496 8
1651 652 8
1331 1508 6
358 615 4
298 698 4
192 1853 4
1526 1993 6
89 296 8
318 88 5
78 642 4
1004 1410 8
573 606 7
1006 688 4
540 224 11
674 1308 11
454 905 6
433 1952 11
125 1137 7
249 542 10
651 414 5
250 1616 8
1897 336 5
882 1039 10
1506 1425 6
424 325 7
131 1080 5
188 359 7
1319 286 11
568 1148 6
1629 171 11
207 910 17
1334 1386 6
1231 931 17
1749 863 8
1390 645 7
234 818 5
425 910 10
1964 1977 6
295 1041 9
324 222 11
1954 1614 4
1158 1070 11
1886 1037 4
22 1633 12
1746 1718 6
1254 1888 8
1757 408 6
1519 1853 8
904 1551 6
948 108 12
337 1777 7
241 603 8
372 1785 7
1428 588 8
1799 1985 6
1967 99 4
203 894 8
1836 1962 10
1896 1070 8
1464 774 7
868 1311 29
1400 770 12
1365 225 6
492 1978 5
479 276 12
922 591 10
1446 1204 11
1268 1922 11
231 853 9
969 1987 8
886 692 9
190 319 6
1917 1781 7
1582 1889 7
1302 1304 9
1002 592 11
1043 448 19
522 1981 11
1561 1738 5
1164 485 11
781 228 7
95 1321 5
605 1464 7
1189 925 9
1772 1765 4
345 1119 20
622 340 11
1948 359 11
1123 1882 8
1216 75 8
614 1836 6
1314 340 11
565 803 5
1091 1320 6
1303 1423 17
6 1856 5
1043 1661 4
1489 1138 8
70 1734 6
1096 566 8
300 1151 6
826 1297 6
1668 1516 8
723 1838 9
145 1216 6
236 1715 8
951 1139 12
1273 1874 4
161 1452 5
356 646 5
1125 1388 8
211 809 12
953 616 19
1469 1033 10
1313 672 9
687 877 5
1851 634 10
1439 556 8
1088 1260 6
1370 1021 6
1597 1295 12
785 240 10
765 597 10
1352 844 7
694 1522 7
981 1186 7
1750 681 5
284 1571 10
641 152 9
1793 1220 8
1424 249 20
242 245 7
21 1106 5
1502 13 12
604 845 5
1960 588 11
886 853 11
749 1094 11
652 10 5
109 1487 11
1732 975 7
400 269 10
509 613 10
140 1089 4
1164 1226 11
1268 1286 8
732 631 8
1450 924 12
1686 1320 8
1501 1317 7
457 1351 8
1630 1804 8
35 1190 6
881 1864 10
905 276 8
1169 776 9
1292 1884 8
1598 1541 7
452 267 12
552 1078 7
913 695 17
935 1000 10
775 1932 6
762 1065 7
985 880 6
1422 1816 7
1312 99 8
238 294 9
30 1067 12
1028 1826 5
1894 1180 6
422 1014 12
630 1466 9
506 1594 15
1868 974 12
1047 670 12
1527 784 9
334 1294 13
2003 1805 10
1084 672 29
2 441 8
1167 277 7
1799 786 5
1835 1763 13
1658 1220 5
551 1608 9
408 1823 5
210 1667 8
1180 619 12
1711 781 6
598 1051 27
945 1690 6
323 433 7
703 497 13
260 61 8
111 1656 11
1508 770 9
1454 188 17
182 1016 5
1439 518 4
1264 297 8
1403 1693 5
1233 289 11
660 691 7
1273 1485 5
299 982 11
1728 434 5
362 846 4
598 1993 8
614 46 8
765 697 9
1596 379 8
129 160 7
1112 1677 8
874 975 4
182 341 5
1275 1128 5
552 275 13
1338 352 4
1523 1646 13
803 604 4
1969 1260 7
718 1832 5
305 396 6
1685 1943 6
1663 1301 4
1511 1781 13
59 669 7
1529 991 7
1609 739 6
1099 776 13
772 389 11
304 257 11
362 677 4
1167 713 19
285 8 9
1822 1216 11
195 159 11
53 296 7
1622 496 6
20 700 12
1552 1895 4
1137 707 17
1214 948 7
1778 1970 6
323 105 8
360 259 11
773 1174 6
516 1144 7
1058 489 13
82 1368 8
1579 1387 7
1813 1551 4
1418 1150 8
1392 361 7
801 162 10
462 284 11
491 800 12
431 337 7
1221 1647 6
992 1989 9
1236 231 12
762 615 5
1760 984 8
436 578 6
534 760 5
1108 788 6
1166 841 6
594 1070 7
1050 330 8
156 957 9
1099 263 10
996 1862 10
1202 1419 15
905 708 6
905 1898 7
1493 1344 7
1086 1128 4
1610 1615 10
916 1308 6
1730 934 7
47 520 12
1596 261 9
1573 407 8
525 1044 11
1291 992 12
65 1312 8
635 780 20
600 865 15
1103 878 6
1651 268 8
1806 1527 11
1176 1840 5
239 1416 9
887 1108 10
195 1412 19
1297 1485 6
1945 359 11
431 1259 11
689 724 7
367 505 10
317 355 11
533 1118 7
1189 320 6
399 1559 12
1096 945 10
1362 1846 7
1041 1209 6
1812 1042 7
1081 554 12
1252 1377 5
777 1352 7
59 615 6
413 1075 6
1400 1541 11
949 730 11
522 1304 9
1096 196 21
245 774 12
1065 615 7
1613 171 8
1205 1350 10
1891 629 10
333 76 13
43 923 8
961 1126 7
1582 1571 17
1111 674 7
411 1994 10
67 791 9
1813 1128 5
127 96 7
1109 1915 4
1411 1073 6
320 1619 6
1507 1110 8
864 854 7
458 491 8
1473 1550 7
1057 327 11
832 598 7
1360 1557 6
1146 1416 12
1166 160 6
1145 845 7
607 1258 4
1924 1443 9
987 563 11
1352 1301 5
571 347 12
659 1523 15
1640 450 6
1931 423 6
780 699 6
948 634 7
1479 389 6
1150 196 13
151 1587 27
878 1843 9
271 68 7
1275 336 4
1291 377 7
791 1204 7
467 676 7
348 1089 5
1902 1392 15
589 1892 11
1877 1976 4
708 1831 7
742 702 5
131 484 5
250 1820 9
376 117 5
1084 1463 8
914 308 26
187 1222 4
1745 706 7
1626 135 8
1493 671 8
1717 1565 12
41 779 8
482 1060 6
329 991 19
1822 14 11
68 1825 5
632 1974 8
683 1611 26
1090 636 9
1391 974 7
1570 507 7
328 1046 10
1296 564 8
1020 93 4
1712 211 8
2001 1341 7
1085 1703 7
53 845 6
1786 1571 10
1677 1151 4
975 1005 6
1094 432 6
435 1635 11
1163 628 7
942 1333 7
1930 1953 7
1428 1227 8
944 414 6
1391 1032 11
1671 1412 7
532 514 4
669 1299 20
109 504 11
1991 1950 12
1228 1594 7
291 1059 5
410 1490 7
1078 1156 9
726 1685 11
1461 1790 8
1568 1483 26
155 747 6
981 604 5
808 1667 16
1113 638 9
519 1563 5
1594 1589 7
1739 1968 12
871 844 6
1438 1075 8
1761 1796 11
1849 1313 12
175 1406 11
1614 1815 4
1269 1999 7
816 468 12
1121 1961 12
1403 1885 8
388 168 30
1416 1025 10
832 459 17
1689 1595 7
1018 1168 12
1031 1882 7
1794 1769 11
1584 1065 8
934 87 17
834 1404 6
819 97 6
493 910 8
23 477 8
1409 994 21
116 1500 10
1514 1362 12
1988 1367 20
197 625 8
1408 1578 7
892 1812 7
403 1885 7
1681 510 8
890 1524 6
367 1333 9
1731 87 8
977 444 4
1337 793 8
1221 1123 5
210 795 5
532 680 8
1966 1411 6
483 133 12
293 822 12
1222 990 5
655 1285 6
673 395 7
1467 594 12
890 944 4
1299 1926 4
1048 830 10
1457 1558 9
1898 1298 11
1580 1942 7
1241 1325 11
201 1277 8
561 1862 8
1398 121 8
1455 898 8
1972 1304 10
256 1588 12
533 1227 7
374 475 7
1119 22 10
586 1907 12
1092 1734 8
704 1002 8
600 498 19
138 29 26
168 843 9
903 459 11
1024 1645 5
759 1190 7
1604 33 6
377 1989 10
1566 1851 23
1925 459 6
818 677 4
1842 868 15
338 1470 12
1326 1023 12
1888 1785 7
932 1173 6
1038 1246 4
1548 1891 23
288 344 8
847 1495 4
596 1047 9
882 405 9
6 1172 6
1431 1278 23
741 302 21
1896 251 7
567 1030 12
1436 664 5
1276 735 5
1707 673 7
1906 1590 4
1952 1233 10
1197 1718 6
1665 917 10
1924 922 10
57 1150 12
190 477 4
1413 1357 5
1499 125 11
1679 1910 9
327 245 12
1114 1672 13
318 71 8
575 1374 29
253 958 4
1726 382 11
1800 80 21
901 390 5
154 999 30
1649 814 27
403 1284 5
54 1827 20
236 1838 29
1279 559 8
1699 314 11
1095 360 7
321 1288 7
1729 1076 8
1530 1914 8
177 1983 11
1235 1358 8
1165 1690 9
291 821 5
738 1246 5
1952 1265 9
289 34 9
1515 1175 7
545 1400 8
651 845 6
1971 1320 13
798 668 4
1120 1564 9
890 529 15
205 1619 8
1442 798 5
1182 1207 5
1482 653 17
1291 145 11
312 1971 27
918 1294 11
105 594 9
517 407 12
766 1053 12
1289 563 11
558 1188 6
386 1304 8
1930 1 20
1647 1273 13
1904 7 6
1138 1370 10
1775 1727 11
257 1266 9
970 1377 5
871 1301 4
298 213 7
31 153 11
514 1445 5
739 1730 12
1537 270 8
343 1342 4
587 480 5
1972 16 12
1254 531 11
1254 1046 9
1261 237 6
1758 1593 8
92 426 12
1296 562 8
1590 593 8
1946 474 5
1879 575 6
1902 1455 8
932 1947 10
191 590 10
1683 255 6
450 1192 5
1363 1492 5
964 1938 6
1987 159 11
1573 1364 29
536 450 6
1037 901 4
857 1013 9
1926 1612 8
1438 1404 9
1939 669 7
693 958 6
1114 247 26
1911 161 4
1063 1532 6
1051 1169 7
322 1324 9
418 711 9
144 1779 4
445 1517 6
1863 215 8
1265 1293 17
1873 1693 7
267 230 6
1100 497 11
828 945 10
1145 981 5
926 1142 10
703 170 7
654 1573 30
649 610 8
966 1119 11
30 1987 8
712 1483 7
467 161 7
998 1593 7
1899 781 8
1455 1337 8
1200 763 7
1523 1983 7
26 1861 4
39 1779 5
901 1790 6
1157 1154 6
1468 1509 13
156 1040 6
1679 1003 6
801 198 9
1754 1361 11
393 806 12
913 1778 12
1852 773 4
782 1909 6
532 1089 7
828 164 9
807 1784 6
1917 1381 7
526 1798 7
1954 1546 7
562 51 5
1716 1227 10
274 126 8
1308 1837 11
1875 486 10
1009 363 9
167 1342 6
490 1000 10
251 1158 8
638 58 11
1250 601 5
1622 319 8
1604 1322 4
843 1412 10
811 1988 8
929 768 9
1185 184 8
225 1690 13
647 1493 6
1368 799 12
1334 751 5
1531 977 8
635 1284 11
607 1357 8
1563 1109 4
9 33 4
761 692 9
1237 884 4
1639 662 11
1887 310 9
233 1130 7
199 363 10
462 617 12
623 594 12
1458 1854 6
1995 1706 12
1755 1672 21
1523 574 11
147 1752 9
477 955 7
170 2004 7
1176 1205 7
1648 459 11
467 1133 6
1884 597 17
1201 911 10
373 1573 15
1 795 19
810 1744 11
377 1744 7
1177 448 5
1861 614 7
1557 14 11
1169 1446 8
628 641 11
1082 405 9
558 1559 20
1524 817 6
1642 1623 5
920 827 8
312 1183 9
297 1844 6
197 453 4
305 330 4
1713 1521 8
35 1779 5
525 278 12
353 402 6
134 224 11
194 1342 11
1355 86 12
1751 1834 11
418 1569 8
641 109 10
649 484 20
650 1106 8
968 626 10
580 1733 8
964 614 4
1092 348 5
1236 517 12
1092 629 8
1281 707 10
663 648 6
1703 1071 8
1493 1006 7
85 1161 9
49 340 17
1630 1614 5
868 869 9
375 1838 8
1762 83 9
209 1958 6
97 584 4
728 1160 8
1751 110 17
1096 57 10
1604 1229 7
1280 1981 10
1939 1873 6
1333 1761 12
342 1167 20
1360 1828 19
1319 1715 11
1277 682 8
6 1341 8
1752 1774 12
1196 1422 8
1147 685 4
1848 1720 9
1736 1639 9
1476 1974 5
1255 861 12
506 1447 15
983 1871 8
75 891 11
893 527 6
1679 1848 7
227 1321 6
1071 957 11
910 563 7
1518 1514 6
1458 840 6
1714 1871 8
1551 1890 5
466 1824 11
376 1853 5
121 375 12
661 1000 9
475 1618 9
885 1441 6
1418 1906 8
937 606 11
1753 1166 7
876 1857 7
838 1853 5
239 1664 7
1626 1008 4
1447 630 7
774 397 9
238 215 29
1050 889 5
750 1160 12
1263 1683 6
1778 1805 19
1145 884 5
1254 1605 9
1340 1325 7
608 1181 6
496 330 5
1144 406 5
1202 342 4
1540 729 11
648 8 10
1907 2002 10
432 90 10
11 275 8
1597 590 7
271 673 20
1198 575 30
1721 314 7
995 883 6
1326 1184 11
1697 792 8
1930 1917 15
1975 591 10
426 583 12
38 1711 11
296 414 6
904 1542 5
1270 1814 29
55 1490 7
769 1324 6
631 1451 5
742 1830 8
1892 939 8
1336 683 15
286 1838 8
1580 1613 8
737 1031 8
1406 1118 9
733 1894 12
1648 1308 11
308 781 17
1802 1352 8
825 597 8
600 1524 4
696 582 6
1042 115 8
378 438 10
392 1175 5
239 401 7
1941 1966 10
1488 1767 7
1526 150 12
1974 512 4
605 774 13
1713 1132 6
1314 1091 7
499 228 11
683 1328 11
216 370 13
826 804 4
1983 243 6
134 1700 9
1580 167 7
708 1454 8
979 1056 9
977 1387 5
1151 234 4
1969 1240 11
1869 306 4
126 32 8
425 1605 8
1941 1411 13
1912 130 8
581 678 11
543 95 5
1277 5 7
1566 1362 11
519 1283 5
1172 1029 5
1002 924 7
1043 3 15
860 1840 4
1064 1908 7
850 1479 6
1063 19 19
1668 1961 12
394 1828 10
1868 1941 8
443 819 7
140 844 8
475 978 27
1844 33 8
1810 285 8
1104 1744 12
154 739 8
593 450 8
69 591 9
286 86 9
1521 46 8
1389 1719 10
442 1482 7
1062 1026 23
2001 1856 10
346 236 6
1193 1829 9
784 1635 17
547 563 11
1736 1625 29
1782 647 4
694 450 7
407 240 9
387 685 8
1054 1183 8
1666 1577 7
590 703 12
1562 573 17
1186 296 4
839 194 8
1001 1008 7
1456 7 5
899 1325 6
947 1421 10
1833 1013 11
761 1335 11
392 871 8
1964 1382 9
1627 100 8
958 514 5
122 1128 4
1359 1635 6
264 906 6
1845 691 27
1634 57 19
1880 980 6
1771 278 9
156 1085 9
984 808 5
831 163 7
639 452 9
381 500 12
1511 695 7
469 657 12
1787 411 12
1253 244 9
1792 1664 12
1812 1887 7
1332 148 8
495 1853 4
814 1161 13
513 1978 5
205 1984 11
260 228 6
1339 32 7
1177 751 4
219 1349 10
1513 682 4
892 280 13
1998 950 8
1180 1633 12
740 1408 5
829 1460 11
1198 1058 6
827 861 12
1112 608 5
1309 1574 9
1216 992 11
1680 1987 29
1417 1650 8
1923 1046 8
1835 1701 10
865 128 29
1477 136 6
1439 1812 15
1644 510 11
777 1089 6
870 96 6
387 1832 4
1860 1961 19
1686 1125 9
1570 711 11
1264 559 7
1357 1246 4
1202 1271 15
1336 838 6
387 919 6
116 1393 26
902 1341 7
702 330 4
659 1306 8
1191 1560 26
1279 33 7
1627 1106 5
21 1938 6
82 610 30
1059 643 4
974 1591 9
135 738 6
1300 991 10
970 1436 6
632 1807 4
490 220 8
1671 263 17
1204 1993 17
1494 629 11
1107 46 6
456 1924 12
1388 337 9
113 1878 11
231 1402 10
1842 661 15
1577 566 9
6 1768 5
685 732 7
463 1482 9
1965 1846 11
1462 566 8
1894 1025 19
1596 1365 6
740 1174 5
700 1397 12
578 824 7
596 76 9
418 1566 11
954 1118 11
1679 1892 7
1696 698 6
1982 146 20
1239 1725 12
862 1003 30
1453 1739 9
953 43 11
1259 622 10
402 1781 12
1298 1973 9
56 1597 7
1751 1012 7
665 1339 6
1090 1310 10
1205 1206 6
98 636 12
1949 967 4
504 1380 11
1832 478 6
295 436 6
872 1310 6
587 1647 6
1186 71 8
851 1517 7
1951 844 6
1854 515 10
1712 1188 9
798 1958 4
171 1534 9
556 758 6
954 1173 17
2003 695 10
963 873 11
1601 1053 6
271 874 8
1446 150 12
535 1011 7
1649 1989 9
535 1156 10
85 174 8
734 1325 11
1673 713 5
44 1056 13
1430 1362 11
1744 1733 12
1317 1129 8
1448 1909 7
611 841 4
1073 1155 12
1799 677 8
1732 512 4
1918 937 8
1745 1443 10
1714 722 7
718 1269 6
1189 64 6
1318 870 6
1434 103 9
1013 1423 6
1147 744 7
1178 1752 10
908 1325 11
1824 662 11
141 296 6
1380 1102 10
855 812 6
1122 1498 9
1599 382 7
1816 1719 11
885 1915 8
1575 333 6
1950 1936 7
817 414 4
1319 723 19
1669 40 8
1022 1929 6
341 851 7
644 306 7
1163 1498 6
1110 1657 4
1290 81 6
1083 588 7
1647 1537 5
395 523 4
727 750 9
967 234 8
176 1491 11
1019 310 8
309 887 11
439 1743 30
1933 573 6
1478 590 10
1279 1553 8
1975 1751 8
1535 736 6
230 853 12
1549 359 6
1886 1867 5
294 594 11
1188 1769 8
792 574 17
1764 1711 9
376 495 6
1205 860 7
1072 1979 6
457 1055 6
410 427 7
861 1944 12
1011 326 12
1455 1741 4
1103 872 6
1907 1056 8
497 1639 9
1048 1009 21
1275 518 7
1909 1741 5
365 259 10
507 1340 8
300 818 5
1812 501 9
733 1025 7
490 678 6
154 1255 9
1858 862 6
1680 370 8
54 1708 6
952 830 10
331 1588 9
64 1706 11
430 1983 17
443 339 5
1706 720 11
1544 1533 7
72 1145 11
1398 1143 6
249 1156 9
1241 1654 19
1503 851 8
684 1519 6
882 952 23
1472 1969 5
675 1618 8
874 581 15
833 549 8
20 1568 12
1480 115 9
1740 99 6
796 524 6
725 1922 6
1606 363 9
487 1978 19
493 237 27
274 126 4
1687 1874 6
1253 928 6
1031 221 7
1994 820 7
426 1585 16
315 1948 10
1394 325 5
1453 769 10
1879 1565 7
1336 614 6
453 1669 8
342 1218 15
512 681 5
1320 142 6
1413 1246 7
576 1583 6
1365 246 7
1717 367 8
1290 1907 8
1328 723 27
1317 1211 5
138 779 10
137 1348 5
1882 1606 6
709 1997 8
322 1307 8
109 1748 19
1624 1049 10
659 1150 15
1776 3 30
1012 578 27
1214 418 11
1149 1902 8
717 1084 6
664 1395 4
457 1215 9
1664 455 9
596 19 11
1058 464 7
425 207 26
70 1352 7
1334 1804 5
1161 1744 6
1113 58 8
628 504 11
740 1490 8
807 499 15
1736 497 8
853 894 7
1216 1744 9
1277 808 6
1295 590 19
625 171 7
1221 1182 20
1563 1441 6
1468 1253 7
1530 1721 9
659 1306 4
1762 186 8
1249 1640 5
856 1550 7
1256 2001 6
864 984 8
1056 278 6
1429 9 11
764 1572 8
25 839 6
398 990 8
1930 301 8
1133 1068 5
1043 1396 20
1658 1696 4
1842 1606 15
1533 243 9
860 1801 6
1750 1974 5
67 1204 26
266 1652 7
813 516 7
1956 1808 5
515 799 11
148 848 12
1967 1342 6
1669 1347 4
1836 95 7
1837 1567 9
2002 1583 7
1584 1873 6
1234 409 10
1877 582 15
545 830 11
307 993 4
1107 1087 8
1036 1940 5
439 1706 20
1727 1550 27
943 1883 8
1519 1670 5
1473 1459 11
1686 1423 10
1829 1792 12
611 821 7
1700 956 12
1365 582 30
848 57 10
1424 1977 30
909 381 10
1290 1208 20
172 1937 20
585 1414 11
1410 1889 11
60 258 11
415 1973 11
97 926 7
204 488 12
1438 1882 30
126 213 4
297 1795 4
205 491 9
805 1339 5
1652 158 12
164 57 7
343 264 7
1208 1014 11
179 1944 11
271 1390 15
983 1387 10
1797 791 12
832 150 11
1136 531 10
1932 1445 4
1526 67 12
384 1840 4
717 1313 7
1419 1591 29
582 566 29
922 1209 6
1697 574 6
1002 721 11
883 1374 8
1698 852 12
1115 553 12
174 1556 7
1901 422 6
112 531 19
827 1255 11
684 1087 5
913 1805 7
268 713 5
24 1862 11
876 1850 7
1734 1908 7
802 1126 5
1652 259 17
998 93 8
1564 1851 12
255 1662 8
1986 530 8
767 1222 5
593 1192 8
1539 1933 11
1518 418 6
194 1555 5
1868 1411 11
186 1746 11
1692 934 26
529 14 11
743 1553 5
1353 588 19
968 1944 21
1198 1434 20
997 215 9
118 854 8
1634 379 6
541 1556 12
1691 1501 5
513 651 5
1178 812 7
1249 756 5
1470 730 13
1196 90 10
1505 1571 7
1044 2002 17
946 378 11
379 1737 12
1870 644 7
2000 1650 8
660 894 11
1817 1852 19
1735 374 8
1437 332 8
255 1601 13
872 262 6
1775 1672 11
1201 950 21
255 1754 7
137 1357 6
1654 1569 9
979 338 11
391 705 8
199 1213 8
1289 1305 11
1242 554 11
1193 1292 9
1919 277 16
996 725 10
309 894 16
1938 95 7
201 854 4
1143 929 8
493 1046 9
1338 1882 8
705 1131 13
1670 1157 4
198 1274 7
610 1419 6
1202 1673 20
26 170 15
1420 365 11
699 1492 5
1644 1681 8
209 258 5
1689 99 6
55 1174 4
1104 440 12
1920 1983 10
1683 1457 8
643 1358 4
561 1986 4
412 1383 8
99 1819 5
687 971 5
927 1966 10
270 1979 8
1464 1783 6
315 415 9
805 299 5
1793 447 5
1226 663 6
326 606 11
1586 624 13
1202 928 15
1170 1377 8
926 1229 6
871 514 7
64 1997 8
1426 1677 7
218 355 6
1352 1951 20
1425 1542 8
1123 625 8
352 605 8
1158 155 11
1077 721 16
581 934 26
1789 1136 23
1346 69 13
937 1656 12
380 691 19
1543 1881 16
507 1564 9
1455 782 6
921 1032 16
1235 1203 4
908 303 12
1388 1320 13
1918 1933 9
416 720 11
404 1774 23
1428 1273 4
1771 745 8
1015 225 27
61 1899 7
1205 1909 6
1550 1997 9
1017 224 12
273 1977 15
798 1167 7
13 645 12
715 223 8
1055 520 8
230 309 12
1480 1496 8
1122 204 8
1407 272 10
1058 308 8
1038 496 4
1782 1192 6
1347 689 6
749 1431 12
198 423 17
734 911 7
689 1517 5
126 1696 6
262 907 8
1318 688 6
153 1636 11
27 1834 9
84 203 9
522 1763 9
803 1024 4
847 1825 6
220 1731 7
1498 24 7
805 1958 7
1390 1397 7
1420 745 8
1913 770 7
842 691 12
1793 1339 4
980 583 27
1122 1464 30
1006 1708 7
1581 1848 12
1063 1791 11
981 1024 6
902 719 5
809 1769 16
1375 1311 8
654 113 7
1863 1070 16
1584 615 4
4 642 4
698 213 5
1322 1694 7
1123 1447 8
312 1091 11
1624 1462 6
116 855 8
298 713 7
920 626 11
1460 1538 10
533 1685 17
1152 155 9
1688 1343 5
1989 394 12
1288 840 11
1673 986 6
361 691 7
452 1335 7
506 461 7
1298 1608 8
1405 1460 20
831 1370 7
606 1139 27
929 1131 8
1081 1349 6
744 718 6
1653 935 6
1794 630 7
827 934 11
1511 1917 7
1409 1011 10
1796 103 8
11 573 10
707 574 7
321 364 8
609 458 11
433 1529 7
464 1033 11
422 1504 10
610 974 7
193 853 12
295 837 8
243 1266 6
1684 275 6
1704 1587 9
1499 1910 23
82 321 6
928 254 9
1479 1676 10
1248 700 9
486 1928 12
862 1544 6
1883 1414 11
830 1031 12
805 713 5
1910 849 10
716 1258 7
373 519 20
30 969 11
667 913 9
1316 1985 6
365 745 8
176 551 12
218 317 10
1932 241 6
365 338 10
1703 1752 9
834 1606 30
1329 1999 8
658 1065 8
944 1773 6
204 1487 11
404 731 11
1743 1997 29
1709 517 9
1102 757 12
1288 1458 11
1925 832 8
30 1204 16
924 130 9
1512 540 10
2 1765 6
881 1994 6
1862 605 12
1224 606 6
1113 1718 10
1119 1146 9
351 340 6
1813 410 7
1130 1156 9
1097 966 11
857 1698 8
1389 616 10
360 2002 8
166 237 9
1336 1107 8
666 1247 5
1682 469 8
1046 1136 12
337 976 12
1165 57 11
1505 1935 26
201 5 6
1346 314 26
1170 362 6
1018 1739 7
257 1720 8
1725 1950 11
1587 1324 13
52 1062 11
1844 1911 6
1992 1841 8
840 1591 8
963 706 19
1762 590 11
1287 1807 5
1978 884 4
1041 1530 12
116 731 9
1043 1060 15
1264 926 4
1336 703 15
1105 1454 11
1274 1695 27
101 599 11
48 1914 6
1928 1454 7
1586 222 10
837 110 11
464 489 9
1395 613 5
944 1645 10
486 254 10
1446 1067 7
446 808 7
1665 721 26
1734 253 4
597 1635 7
641 504 6
1506 1826 6
166 547 8
819 33 4
1144 470 6
777 292 7
286 1431 11
1576 338 10
1281 125 9
1864 1636 11
907 1872 17
145 810 9
1149 1205 4
759 1441 6
549 1729 11
506 509 4
1510 1741 4
674 1837 12
373 1084 15
1028 336 5
1658 32 8
1671 150 7
372 1305 7
250 856 30
216 459 11
942 995 11
1789 1756 10
498 845 6
1281 243 8
1329 387 6
145 1822 10
1788 1672 12
1617 161 5
1970 1077 12
951 1562 16
17 723 7
343 1251 8
339 1497 5
1215 1480 7
1016 1595 6
988 1018 7
938 1720 8
1170 1985 4
427 1857 5
907 1843 11
659 500 15
1472 344 5
661 1944 8
1580 139 20
163 997 7
656 377 9
1610 328 9
1345 17 8
1347 1740 8
1600 1887 12
375 1389 11
373 1149 4
1135 880 5
88 141 6
68 494 7
1628 1361 19
1917 3 6
326 1684 7
1858 1679 30
1971 1303 8
271 999 15
256 425 12
1502 712 12
435 1884 26
1858 748 8
1658 1655 5
1659 1100 10
1938 972 5
473 328 7
1460 1183 9
164 148 10
1116 1840 5
1539 714 12
119 1099 8
710 795 7
921 974 12
1404 332 13
1800 1374 8
1671 195 12
1103 1629 10
282 1903 10
476 1377 7
144 782 6
101 491 9
748 574 11
29 779 17
813 1962 4
874 985 8
925 1788 11
1568 1484 10
724 1517 4
960 69 21
147 1085 27
1176 1915 4
328 531 7
1281 1581 9
1706 320 10
589 849 19
833 934 16
1755 1984 10
123 965 8
292 1415 7
835 1140 26
1969 51 6
783 31 11
1695 1483 8
1219 285 11
1692 313 8
362 509 7
1391 1073 12
219 180 9
1546 1661 7
509 1641 7
810 1649 7
1916 1946 11
466 1625 8
1710 1682 11
1895 1037 5
79 1973 7
206 563 6
434 1974 4
1988 889 7
105 747 10
1756 206 6
1147 722 5
1333 103 10
1127 676 7
1711 914 12
1337 1840 8
1150 945 7
889 1940 7
12 934 8
1309 873 7
200 1490 16
2 1850 4
1520 1788 7
792 1266 11
1596 696 30
933 855 13
231 788 8
1728 173 5
73 106 17
1636 1935 7
824 1699 8
1338 214 7
1287 173 5
568 1632 8
94 58 13
197 906 8
1902 1455 4
454 1945 8
1669 182 5
1241 418 11
1652 278 7
1317 1492 4
982 1442 5
949 1030 19
1154 95 4
1830 607 4
728 1566 20
1218 1791 7
462 895 8
180 624 11
905 928 30
1392 1845 11
1959 243 13
1523 1679 7
775 1908 5
1606 1009 8
734 1315 7
1767 1108 11
1609 1729 11
816 313 11
1319 1328 11
1816 1141 8
257 1499 11
372 1243 6
1732 1974 4
773 1897 6
1480 1227 11
1637 207 7
382 974 27
2004 83 8
269 1601 6
233 606 17
494 577 6
1220 1927 4
1181 1677 16
1083 222 17
417 1777 10
1790 722 8
887 1364 8
983 1999 8
1179 1862 10
499 80 13
772 1769 26
967 461 8
1728 523 6
820 617 27
1758 78 5
1112 1395 7
61 283 11
436 456 7
124 215 8
167 1486 4
957 116 12
1723 451 6
632 847 5
113 886 12
909 285 21
1874 480 8
1809 333 27
752 1811 4
727 334 9
1877 1435 4
1982 1782 6
1519 1106 4
141 1773 7
1346 48 7
229 870 5
600 335 4
859 1484 6
1861 100 6
132 449 8
849 1523 12
1853 1378 4
1113 1585 26
1879 80 7
991 831 12
1468 1454 26
4 1722 8
1911 1452 7
1235 288 7
619 1101 12
1663 131 4
1860 823 11
5 1905 6
755 643 8
1253 1509 7
1475 1556 12
1663 603 15
1675 123 9
156 1893 30
988 1168 20
921 1591 8
1115 128 8
1464 1179 9
775 603 8
1920 1720 8
197 1503 20
1967 181 7
337 142 7
1417 252 12
783 1582 7
352 961 8
1975 110 6
1184 104 6
179 678 11
1901 1095 9
1123 696 8
1426 300 7
1007 1513 6
744 478 6
1949 1074 15
1703 855 9
748 125 12
763 1929 17
159 1567 8
746 1415 4
1624 655 6
73 147 7
183 62 16
1918 1424 6
1213 770 11
1182 1798 15
1375 1701 10
941 1657 7
1182 1687 6
511 1190 5
389 630 27
1634 1332 11
1045 269 17
541 75 8
199 823 6
1211 1126 4
1078 275 9
727 728 6
1514 1430 10
949 1583 11
1405 1686 8
1996 472 11
900 528 8
347 629 19
1307 1560 11
1240 1758 5
1521 650 5
333 596 7
1913 413 12
722 919 6
558 790 30
1638 1207 5
1689 343 8
743 451 6
1000 1730 11
1066 213 7
2001 173 7
102 83 9
892 1936 26
564 821 5
1068 1322 5
108 908 6
734 1846 26
817 993 7
1071 806 7
359 551 27
16 1981 19
1225 1220 5
556 2 4
1665 224 9
1413 1759 15
332 770 6
328 1615 17
420 533 9
518 1490 6
1854 1735 6
1098 1578 5
1307 1843 12
919 1195 6
596 15 8
1221 1613 8
326 1562 26
342 610 15
1531 790 15
485 404 11
1827 472 6
1581 243 11
162 645 19
735 557 5
1064 357 6
1379 1257 6
1926 1010 7
1264 1602 20
1518 1241 10
1804 595 7
424 472 6
1870 1485 5
136 94 6
23 742 8
1162 1300 23
1528 1908 8
1661 5 8
1470 259 7
1257 1142 4
299 1919 6
536 472 4
1510 1109 5
1015 148 9
1265 212 7
879 1025 11
718 390 5
1529 1370 17
1659 63 9
304 1499 12
133 308 16
561 214 16
915 1161 6
1449 1302 12
1939 1783 8
1867 1451 8
7 1174 8
1201 1569 8
1900 440 8
1499 1079 10
315 486 6
742 588 8
126 1651 8
1318 1344 7
1015 107 8
1221 790 8
1471 1173 7
1797 1925 6
659 1976 6
1165 1666 8
241 627 8
1876 476 6
898 1543 7
1232 336 4
1435 1166 4
1428 826 7
1789 1637 11
203 761 7
948 1564 10
1536 12 6
1187 1357 5
169 1756 6
1414 1752 8
70 1419 8
1802 1726 8
1661 682 4
754 269 10
16 386 11
1092 253 4
807 509 4
1314 1463 13
1763 700 6
15 1889 12
1669 65 4
759 511 11
1439 410 20
1660 1696 8
101 429 9
49 312 7
197 1964 8
123 429 11
2 1247 8
345 1270 30
641 1102 6
74 1445 7
25 1657 5
556 734 15
1020 564 5
446 1614 5
1392 407 13
1731 12 27
982 209 5
102 1747 11
835 1737 9
692 1780 12
495 836 5
11 1656 9
716 1357 6
1353 211 6
1938 421 4
172 811 4
1396 795 5
1245 553 19
350 1440 27
1457 1662 26
724 182 5
1316 990 4
1895 1790 4
908 1362 12
420 1685 10
933 1178 9
1707 184 5
1528 1515 7
1040 1164 7
1603 792 9
358 1211 7
82 1372 9
168 1680 6
449 1014 12
906 1740 6
1289 331 11
357 1080 6
632 395 7
916 1797 6
587 1798 7
1826 1772 16
316 1643 4
1803 923 10
348 958 5
1021 34 6
1882 952 9
953 121 6
27 128 8
182 1819 4
1326 1045 7
796 1985 5
1228 1230 13
1049 1462 11
671 1640 7
280 1947 9
191 1747 10
621 1577 12
1761 483 6
1245 69 11
1100 466 11
1604 1643 8
618 46 4
1187 1246 8
1094 1319 10
1424 946 7
1777 1314 12
137 1246 5
569 1843 12
602 898 5
620 1905 7
274 1660 6
1733 481 9
1361 1228 12
1302 859 10
445 1740 5
1228 269 7
1748 1702 9
1051 1204 8
1701 1763 6
1435 696 15
305 1759 7
901 1147 5
1255 1692 12
1152 1896 9
1530 314 26
232 852 11
44 259 10
1271 895 29
939 1910 12
1484 423 7
1272 1132 6
1712 1081 9
537 5 5
499 505 7
1141 1328 7
103 1469 12
105 1070 26
1221 1606 8
893 782 5
847 546 7
178 990 4
802 1674 4
986 268 4
1365 778 20
1926 1674 4
104 568 6
1225 805 5
701 685 5
943 909 11
413 830 19
1655 258 16
1812 1035 6
1217 813 5
1620 1790 5
1912 134 11
1282 1940 7
1927 1442 5
1290 1060 30
1791 1047 8
1299 1211 7
1948 551 19
42 870 4
1105 551 7
1837 791 11
581 653 7
354 808 6
35 898 5
1665 353 8
1213 1082 7
988 1613 30
179 468 19
273 1127 19
1123 557 20
166 256 9
614 836 4
1101 1814 9
408 884 5
1930 482 15
104 1210 10
1502 423 11
1309 69 7
453 326 8
1554 1751 9
1525 1491 13
1233 66 11
16 1502 6
356 1694 8
295 1309 30
1428 644 7
819 1694 8
1946 1497 7
1148 252 27
1380 1179 23
1240 1260 5
1781 540 9
1129 1284 6
1234 781 6
1475 656 8
419 870 5
364 1599 10
914 1705 9
160 1742 4
621 828 8
422 2002 6
1003 679 9
428 20 11
1348 1258 8
79 114 7
393 855 11
147 1267 11
1424 11 8
1369 1104 9
1726 1966 7
1429 676 6
1262 1829 11
1972 1701 17
1168 469 9
1001 496 4
1432 223 8
1782 671 7
992 1022 10
779 1487 7
163 238 6
1239 1866 11
297 1946 6
616 683 12
646 1604 6
922 1975 6
1129 1885 4
1452 867 5
1635 1101 27
1870 1343 4
862 304 7
242 1862 7
555 604 8
835 1690 8
1431 768 11
425 1637 9
1199 1848 7
1932 1908 5
211 389 11
1265 34 11
287 265 8
495 1378 4
918 1654 12
1152 1467 8
1423 340 7
6 1476 7
212 1370 11
1990 1970 8
1509 254 9
856 458 7
1449 1248 11
812 285 12
837 1115 12
1924 1721 11
1549 254 10
182 1251 5
1567 843 12
1178 585 12
1630 595 5
104 863 6
669 1885 5
901 478 7
36 840 11
1349 389 7
1226 485 6
1569 1356 11
