1134 3281 30
979 39 762 177 964 420 50 22 17 180 41 522 139 1004 128 892 470 916 1121 890 1078 309 758 961 1050 58 976 158 867 772 
1 1 1 1 1 1 1 1 1 1 1 2 1 1 1 1 1 1 1 1 1 1 1 1 2 1 1 1 1 1 1 1 1 1 1 1 1 1 1 1 1 1 1 1 1 1 1 1 1 1 1 1 1.5 1 1 1 1 1 1 1 1 1 1 1 1 1 1 1 1 1.5 1 1 1 1 1 1 1 1 1 1 1 1 1 1 1 1 1 1 1 1 1 1 1 1 1 1 1 1 1 1 1 1 1 2 1 1 1 1 1 1 1 1 1 1 1 1 1 1 1 1 2 1 1 1 1 1 1 1 1 1 1 1 1 1 1 1 1 1 1 1 1 1 2 1 1 1 1 1 1 1 1 1 1 1 1 1 1 1 1 1 1 1 1 1 2 1 1 1 1 1 1 1 1 1 1 1 1 1 1 1 1 1 1 1 1 1 1 1 1.5 1 1 1 1 1 1 1 1 1 1 1 1 1 1 1 1 1 1 1 1 1 1 1 1 1 1 1 1 1 1 1 1 1 1 1 3 1 1 1 1 1 1 1 1 1 1 1 1 1 1 1 1 1 1 1 1 1 1 1 1 1 1 1 1 1 1 1.5 1 1 1 2 1 1 1 1 1 1 1 1 1 1 1 1 1 1 1 1 1 1 2 1 1 1 1 1 1 1 1 1 1 1 1 1 1 1 1 1 1 1 1 1 1 1 1 1 1 1 1 1 1 1 1 1 1 1 1 1 1 1 1 1 1 1 1 1 1 1 1 1 1 1 1 1 3 1 1 1 1 1 1 1.5 1 1 1 1 1 1 1 1 1 1 1 1 1 1 1.5 1 1 1 1 1 1 1 1 1 1 1 1.5 1 2 1 1 1 1 1 1 1 1 1 1 2 1 1 1 1 1 1 1 1 1 1 1 1 1 1 1 1 1 1 1.5 1 1 1 1 1 1 1 1 1 1 1 1 1 1 1 1 1 1 1 1 1 1 1 1 1 1 1 1 1 1 1 1 1 1 1 2 1 1 1 1 1 1 1 1 1 1 1 1 1 1 1 1 1 1 1 1 1 1 1 1 1 1 1 1 1 1 1 1 1 1 1 1 1 1 1 1 1 1 1 1 1 1 1 1 1 1 1 1 1 1 1 1 1 1 1 1 1 1 1 1 1 1 1 1.5 1 1 1 1 1 1 1 1 1 1 1 1 1 1 1 1 1 1 1 1 1 1 1 1 1 1 1 1 1 1 1 1 1 1 1 1 1 1 1 1 1 1 1 1.5 1 1 1 1 1 1 1 1 1 1 1 2.5 1 1 1 1 1 1 1 1 1 1 1 1 1 1 1 1 1 1 1 1 1 1 1 1 1.5 1 1 1 1 1 1 1 1 1 1 1 1 1 2 1 1 1 1 1 1 1 1 1 1 2.5 1 1 1 1.5 1.5 1 1 1 1 1 1 2 1 1 1 1 1 1 1 1 1 1 1 1 1 1 1 1 1 1 1 1 1 1 1 1 1 1 1.5 1 1 1 1 1 1 1 1 1 1 1 1 1 1 1 1 1 1 1 1 1 1 1 1 1 1 1 1 1 1 1 1 1 1 1 1 1 1 1 1 1 1 1 1 1 1 1 1 1 1 1 1 1 1 1 1 1 1 1.5 1 1 1 1 1 1 1 1 1 1 1 1 1 1 1 1 1 1 1 1 1 1 1 1 1 1 1 1 1 1 1 1 1 1 1 1 1 3 1 1 1 1 1 1 1 1 1 1 1 1 1 1 1 1 1 1 1 1 1 1 1 1 1 1 1 1 1 1 1 1 1 1 1 1 1 1 1 1 1 1 1 1 1 1 1 1 1 1 1 1 1 1 1 1 1 1 1 1 1 1 1 1 1 1 1 1 1 1 1 1 1 1 1 1 1 1 1 1 1 1 1 1 1 1 1 1 1 1 1 1 1 1 1 1 1 1 1 1 1 1 1 1 1 1 1 1 1 1 1 1 1 1 1 1 1 1 1 1.5 1 1 1 1 1 1 1 1 1 1 1 1.5 1 1 1 1 1 1 1 1 1 1 1 1 1 1 1 1 1 1 1 1 1 1 1 1 1 1 1 1 1 1 1 1 1 1 1 1 1 1 1 1 1 1 1 1 1 1 1 1 1 1 1 1 1 1 1 1 1 1 1 1 1 1 1 1 1 1 1 1 1 1 1 1 1 1 1 1 1 1 1 1 1.5 1 1 1 1 1 1 1 1 1 1 1 1 1 1 1 1 1 1 1 1 1 1 1 1 1 1 1 1 1 1 1 1 1 1 1 1 1 1 1 1 1 1 1 1 1 1 1 1 1 1 1 1 1 1 1 1 1 1 1 1 1 1 1 1 1 1 1 1 1 1 1 1 1 1 1 1 1 1 1 1 1 1 1 1 1 1 1 1 1 1 1 1 1 1 1 1 1 1 1 1 1 1 1 1 1 1 1 1 1 1 1 1 1 1 1 2.5 1 1 1 1 1.5 1 2 1 2 1 1 1 1 1 1 1 1 1 1 1 1 1 1.5 1 1 1 1 1 1 1 1 1 1 1 1 1 1 1 1 1 1 1 1 1 1 1 1 1 1 1 1 1 1 1 1 1 1 1 1 1 
929 266 9
34 392 4
626 888 8
160 598 20
631 741 6
682 282 4
733 457 11
499 283 7
1058 930 8
827 41 8
327 756 10
513 771 5
1049 69 7
489 689 6
320 326 26
542 909 7
498 294 7
910 722 9
498 121 5
872 104 7
807 1134 16
406 120 6
874 620 8
341 727 10
755 604 10
482 54 9
892 858 30
66 51 8
177 1005 9
668 550 11
148 610 7
716 367 7
142 1133 30
78 316 11
964 416 30
652 1056 11
783 640 20
394 1045 10
1086 1132 9
849 59 6
54 708 10
647 756 10
218 18 4
876 436 8
792 215 10
296 1016 15
723 1071 9
909 1014 6
455 967 5
970 31 9
1087 774 8
955 443 15
725 883 10
101 1103 9
426 812 24
187 597 9
786 317 12
343 301 7
1087 843 8
214 776 5
567 276 6
164 92 6
118 2 8
191 401 8
661 853 24
678 108 10
937 108 11
661 480 6
476 817 11
257 932 5
431 742 11
1053 833 4
924 1120 16
1120 1079 5
972 1124 11
396 205 11
1047 44 7
436 779 7
1007 483 4
16 928 6
516 559 7
45 1056 30
22 308 14
229 245 9
233 851 9
843 334 7
675 490 11
373 675 26
1023 189 5
462 822 8
704 369 8
571 116 6
705 913 11
794 682 8
831 409 8
690 794 5
54 533 7
666 604 16
77 80 6
565 193 6
590 151 15
271 914 5
393 612 10
511 780 6
271 260 7
304 100 4
191 363 6
50 187 6
174 577 8
263 979 8
485 881 12
766 226 8
644 168 6
917 982 6
806 897 8
656 171 15
540 10 15
455 298 8
10 285 6
751 779 8
1007 103 6
839 8 7
93 95 8
773 863 6
938 956 11
434 791 6
727 1126 9
1119 488 8
79 788 12
270 324 4
262 225 5
848 447 9
871 58 8
941 706 7
748 581 4
1049 685 15
561 67 11
1026 898 10
825 691 4
896 248 26
1095 10 27
724 1124 12
864 52 15
544 518 12
192 142 18
55 836 8
358 553 7
1083 850 5
231 941 27
951 172 10
412 409 12
19 410 8
555 86 11
685 501 8
507 578 5
124 889 6
586 1096 11
68 391 7
574 579 6
177 68 30
1115 817 12
169 280 14
318 997 11
726 105 16
1009 959 8
335 205 12
462 243 8
606 799 8
549 778 6
581 1120 4
779 487 8
1089 151 30
437 433 12
288 1050 8
408 253 8
774 260 5
705 127 11
1034 636 9
441 192 11
868 215 6
1018 366 12
579 902 12
1069 244 8
1112 518 30
243 508 11
737 357 7
640 435 7
752 551 7
496 223 8
819 713 16
967 516 6
451 246 6
565 674 20
668 730 6
267 456 8
1012 602 9
899 927 10
26 148 4
792 601 12
10 646 7
32 366 11
906 1095 11
310 1068 6
256 949 5
125 992 24
637 259 18
302 408 11
5 37 11
412 472 9
270 811 15
1038 664 6
572 438 15
1063 641 7
473 259 7
39 729 9
518 885 8
491 1037 10
386 775 7
240 299 7
1127 501 9
232 851 12
321 939 9
343 619 15
23 174 6
204 1048 26
426 620 6
950 166 7
164 703 8
882 1084 8
161 79 11
191 491 9
765 32 9
1117 86 10
404 25 8
954 860 8
649 279 4
288 1047 30
221 293 8
813 886 7
1091 857 7
88 290 9
743 520 11
971 133 8
858 1043 6
528 366 11
566 1108 8
856 471 10
110 973 8
970 202 12
608 192 9
720 392 5
273 438 8
1116 1009 8
13 1091 10
983 259 8
269 907 11
249 894 6
763 143 6
515 761 8
767 991 23
544 465 8
695 225 10
133 721 11
791 669 7
942 884 4
840 429 10
11 888 5
1119 436 6
92 132 5
643 1030 10
433 634 8
708 920 9
245 1006 8
55 567 8
343 153 15
693 801 5
442 311 5
1002 1072 10
900 1000 26
418 207 26
693 914 5
17 769 14
1117 1048 12
466 959 10
1011 176 8
485 721 10
717 836 15
350 881 26
496 66 7
343 814 8
688 423 7
856 532 7
91 875 12
292 510 8
336 151 27
1102 368 11
752 32 11
727 215 7
1051 810 10
836 397 7
554 638 30
475 1020 26
159 689 11
462 782 6
880 155 11
31 172 8
660 591 8
97 781 11
909 663 7
633 166 4
134 480 8
789 502 8
916 878 6
491 902 11
851 352 24
64 907 8
988 832 6
49 339 10
805 891 6
376 344 9
857 372 8
383 234 18
462 1025 11
429 267 8
713 709 6
712 618 10
392 996 5
781 580 18
988 1021 5
96 379 10
26 930 6
666 678 7
950 674 5
464 667 8
517 90 10
1110 404 7
1030 195 8
169 3 6
759 896 26
301 575 5
941 135 7
504 558 7
948 714 6
948 523 5
258 941 30
823 935 6
58 934 14
478 775 7
1081 82 5
36 231 12
611 356 11
840 149 7
990 374 19
1024 480 14
862 160 6
809 291 8
1029 1097 7
450 424 5
392 1074 6
458 131 6
9 457 8
313 578 20
930 380 8
691 549 4
321 673 6
476 1036 7
324 614 6
59 575 5
911 963 9
43 887 8
854 974 26
111 231 6
312 846 6
41 622 6
407 968 16
503 694 5
313 278 6
641 163 8
68 234 7
722 696 10
1105 644 6
427 1006 26
781 8 10
571 507 4
811 400 11
96 147 6
269 501 18
426 508 10
355 1015 5
919 394 26
211 281 10
111 36 8
1071 266 9
332 131 26
1058 733 8
1078 643 9
964 451 9
255 1033 9
155 554 18
640 1065 8
1098 336 11
697 175 8
495 245 8
47 448 7
144 883 10
575 662 4
312 225 6
606 1124 12
589 899 9
875 973 27
77 481 8
1038 485 11
31 142 9
239 959 26
171 363 7
9 664 10
679 571 7
912 1132 9
953 929 6
122 673 9
223 931 8
276 254 6
669 119 26
493 307 7
839 570 8
665 564 9
910 620 14
374 593 6
838 530 20
1134 907 12
964 738 6
847 156 12
548 71 9
685 907 11
676 251 7
487 109 7
190 424 7
600 755 10
1100 125 9
188 282 4
1102 1094 9
271 699 8
493 754 5
69 563 8
110 34 8
852 1059 6
209 81 7
999 1094 8
405 85 5
1 222 26
439 330 4
453 914 8
283 570 6
757 1116 11
459 654 8
1036 368 30
167 181 11
1106 68 30
403 380 6
699 395 4
512 373 9
915 522 8
349 1055 23
420 10 30
173 376 10
621 760 5
827 236 9
111 135 8
1125 433 8
811 219 12
762 869 14
1003 934 10
541 557 30
937 452 8
1106 899 12
170 575 4
104 649 7
708 477 8
67 938 27
1004 407 9
530 268 6
697 937 8
537 1020 14
482 420 8
887 541 9
989 435 20
22 705 30
158 659 6
180 666 9
623 403 7
991 766 12
708 734 14
769 1032 8
272 616 14
975 1009 6
487 779 7
112 926 7
805 569 12
198 560 4
485 9 10
454 1006 8
1022 596 8
1102 520 6
197 644 10
350 1071 10
666 917 10
1118 575 5
202 956 24
418 42 10
9 1017 26
868 432 10
314 707 7
328 973 30
1113 229 15
811 280 9
821 532 6
259 409 30
651 388 4
522 183 6
451 524 7
732 191 10
415 524 12
200 642 26
338 616 6
81 806 24
840 184 23
920 818 10
863 667 6
34 164 14
318 7 6
843 463 8
540 416 15
1008 388 7
594 557 8
398 606 8
847 913 24
845 300 7
16 583 8
81 533 10
821 820 26
439 1083 8
823 51 6
272 634 8
1064 292 5
759 1130 6
899 464 24
312 152 6
877 790 6
1128 914 7
858 859 7
1119 876 4
613 776 6
683 933 12
1062 744 30
206 892 8
118 271 20
918 752 6
59 958 7
787 776 7
948 718 15
375 1028 11
265 256 8
79 1111 10
755 502 26
855 1020 8
993 539 9
602 687 18
732 1045 7
543 1020 6
404 1010 8
44 344 9
400 3 8
899 1006 6
428 166 8
160 413 4
93 417 12
93 1130 11
618 887 6
257 1022 5
558 311 8
1062 134 9
602 197 10
258 322 9
633 628 5
200 1114 10
980 916 8
517 1013 24
164 298 7
445 183 23
96 1096 8
808 743 26
920 29 18
383 667 12
796 726 5
777 293 5
1059 154 6
771 952 8
186 204 7
284 986 4
234 700 30
58 443 30
905 35 7
413 403 4
443 95 11
473 809 11
793 1011 10
38 290 7
658 254 12
1131 745 5
122 449 11
77 424 5
183 440 12
574 491 11
540 504 7
1033 169 10
185 284 7
750 904 24
943 742 6
305 933 12
900 230 10
1125 616 26
41 895 30
81 734 6
183 543 9
684 824 24
948 310 20
376 756 7
827 517 12
684 689 12
986 823 5
162 98 8
161 466 7
612 912 8
700 245 8
436 165 7
870 1014 8
153 402 7
485 457 11
931 949 8
310 406 6
216 1032 8
257 2 15
519 66 7
163 259 9
82 15 6
738 524 9
836 303 11
540 558 7
774 25 17
383 427 10
775 129 8
1047 344 7
34 1095 8
717 323 7
804 734 10
552 962 11
828 779 5
289 144 8
327 433 11
723 1103 12
990 225 6
30 837 6
831 114 10
436 143 8
645 821 10
313 665 15
61 883 6
864 833 8
754 60 16
499 382 10
939 1 6
713 981 8
846 225 7
425 153 30
1035 497 8
470 465 6
699 1010 8
420 209 9
261 850 8
1043 267 9
345 1082 20
361 1017 8
838 882 7
1037 373 26
68 667 11
617 1066 6
64 480 26
506 629 10
657 444 9
658 274 9
1092 949 5
184 1076 12
619 824 11
247 697 6
823 265 16
678 588 12
431 904 11
976 38 9
813 943 6
1043 555 8
600 207 12
536 318 30
814 547 6
83 449 12
348 467 6
886 280 10
479 628 5
953 361 8
681 112 27
170 942 7
774 914 7
419 356 11
136 203 14
186 281 6
935 51 4
443 802 7
284 803 7
1117 211 10
625 822 9
465 317 9
829 57 12
38 387 10
629 997 6
238 1040 6
157 472 12
504 311 5
614 595 6
1007 102 15
316 1042 8
867 1012 14
202 172 6
825 292 8
442 355 7
469 63 12
704 484 5
328 772 8
1128 271 7
61 518 8
208 225 5
540 68 15
953 1017 14
510 872 7
99 624 23
194 331 7
947 393 11
476 1102 6
841 539 8
488 836 27
936 1000 12
832 668 15
257 695 20
122 371 8
8 402 8
386 278 8
1048 86 10
212 241 8
900 1 10
491 1045 10
505 768 7
281 1048 6
455 516 7
729 999 10
580 550 30
981 202 9
737 114 6
1007 46 15
51 803 6
34 782 8
838 221 6
322 135 9
467 462 15
162 764 10
703 875 11
529 908 12
465 885 6
819 981 23
50 538 9
513 952 8
781 550 11
46 806 8
1001 199 4
862 80 5
1049 733 15
230 1080 7
304 268 5
815 1098 26
307 60 4
241 306 4
916 434 9
1052 634 9
1124 396 27
1041 492 7
786 739 30
1051 962 11
275 71 9
739 1035 6
261 779 5
718 1028 12
407 724 7
636 237 24
329 60 6
92 967 7
343 849 7
151 528 6
838 1069 15
565 1041 4
213 787 4
353 1126 9
158 382 14
35 778 6
651 1066 5
940 768 10
536 898 9
755 325 8
971 243 8
172 561 26
750 280 6
944 341 7
407 845 6
523 213 8
443 419 6
511 1115 11
901 18 8
1050 1047 30
600 108 10
819 202 7
819 608 10
950 514 4
856 385 9
1052 433 11
716 1044 5
236 90 7
938 665 6
921 418 7
853 747 8
469 635 9
528 903 8
347 191 10
131 612 10
997 19 10
980 625 9
171 992 11
346 69 7
1092 935 5
402 580 9
1061 776 7
733 893 6
1071 1017 8
536 758 8
750 400 10
93 896 9
1131 1108 8
999 808 14
826 254 11
759 84 10
323 794 7
907 837 8
795 867 8
777 304 6
572 468 6
478 116 5
298 377 7
416 761 11
680 965 6
607 280 8
1125 756 6
715 473 27
154 326 6
628 563 4
438 913 8
1119 254 8
978 774 8
744 1127 7
987 152 7
740 748 8
911 784 11
111 228 9
729 233 23
611 1130 10
519 106 4
566 107 7
849 662 8
725 61 10
894 1102 15
239 1111 6
32 768 10
633 428 7
190 481 4
701 260 5
1091 319 8
308 411 9
524 532 10
797 1093 15
599 1093 16
197 784 6
442 1015 5
624 750 9
991 684 9
291 641 10
370 531 7
795 684 12
206 123 9
322 147 7
693 12 8
34 488 8
529 309 8
437 647 6
454 495 10
1050 545 9
696 677 10
447 274 6
880 629 6
471 820 14
723 167 30
838 841 15
270 864 5
502 141 26
804 897 26
772 975 6
243 620 9
1077 570 26
677 119 6
287 112 8
936 1080 10
606 43 11
27 820 10
55 330 7
548 1111 7
73 82 4
327 344 18
255 431 30
524 515 24
783 626 6
1008 1066 6
932 208 8
321 449 12
180 917 14
932 1108 8
198 16 7
1018 746 9
18 52 4
986 1107 5
413 481 8
665 1133 11
926 449 30
34 516 7
565 605 5
636 19 10
596 603 19
626 1014 8
258 597 12
414 244 9
1007 785 15
770 370 15
555 719 8
415 856 9
444 654 30
10 897 11
214 213 4
120 613 5
519 1107 7
1052 718 8
497 1046 12
94 302 30
521 839 10
960 486 11
286 999 10
1068 406 4
381 912 6
110 10 8
301 942 4
672 553 16
897 533 10
1105 89 7
467 770 4
987 225 4
1047 647 11
46 533 11
203 573 26
708 646 6
38 1129 6
34 67 8
415 964 8
783 989 5
270 903 15
443 1099 7
207 108 10
455 665 8
1088 962 12
139 1024 14
242 126 8
322 48 8
843 973 8
1070 203 8
371 1080 11
579 1100 8
314 116 5
370 462 6
712 43 7
774 260 7
333 152 19
301 985 7
908 63 12
683 897 6
327 1125 10
53 833 5
565 1049 6
7 638 11
1062 139 8
625 910 10
230 1 8
761 532 10
637 641 10
4 905 4
89 168 26
814 884 7
868 274 26
458 569 12
895 244 7
212 109 20
480 995 26
184 267 6
1057 1134 6
1059 320 7
672 492 4
810 319 26
247 207 11
362 435 5
2 959 9
768 76 8
781 351 12
796 710 4
49 161 6
202 316 10
583 1120 6
39 999 14
968 631 8
862 424 5
20 340 5
841 488 6
543 592 10
1060 20 7
594 994 26
337 688 6
687 766 30
1092 256 7
666 653 23
756 44 8
737 637 11
462 874 9
1031 730 12
960 24 9
143 1083 4
770 740 8
1114 896 8
801 12 4
653 678 9
46 1095 12
943 624 8
469 753 8
883 749 8
637 831 10
990 179 5
194 379 6
858 40 7
467 1035 15
179 224 8
407 618 10
648 794 6
989 630 8
626 983 8
1039 1074 6
950 628 4
96 48 26
200 896 10
133 893 12
981 1133 12
844 251 16
863 589 8
215 353 8
252 534 8
868 216 8
468 111 15
411 127 12
550 359 8
693 453 6
403 610 6
1022 757 15
286 174 7
379 187 8
1040 834 7
266 457 30
1109 884 16
455 757 8
831 641 6
552 196 9
240 1015 4
558 442 6
293 282 15
805 908 9
149 150 12
42 502 8
434 878 23
811 904 8
49 62 16
192 316 10
735 747 26
180 247 30
208 987 7
623 167 8
767 644 16
978 474 7
696 620 26
364 447 7
757 2 8
347 125 7
869 673 8
471 295 6
103 1023 4
770 739 15
411 459 10
581 105 6
975 1116 12
864 651 4
73 630 7
669 620 10
1026 203 10
917 600 9
389 1120 7
690 268 4
125 490 12
989 663 4
249 500 4
345 315 8
695 107 7
567 601 11
157 1063 9
585 83 10
341 601 26
837 480 8
485 266 18
1106 177 8
392 377 7
173 616 10
489 911 8
656 500 8
642 1130 10
762 72 9
565 133 15
572 823 20
147 706 8
927 391 8
4 292 5
634 616 8
193 492 6
952 104 5
255 1121 8
902 401 8
182 926 9
117 1108 8
88 196 6
523 423 15
771 778 7
75 658 8
288 376 9
330 143 6
775 314 6
816 268 6
364 432 16
114 412 8
240 311 4
240 130 5
733 133 8
677 878 8
441 713 6
597 231 12
426 782 12
727 274 8
572 639 6
986 949 4
296 1001 5
979 191 14
731 252 8
755 108 6
522 836 30
492 70 8
512 992 8
337 419 15
383 700 11
631 724 9
795 619 30
238 764 10
32 940 12
419 113 9
412 195 6
651 218 4
566 225 8
919 373 10
973 275 7
773 115 7
371 1 9
852 622 23
26 413 7
764 725 9
318 410 7
777 530 20
970 961 8
385 486 30
631 557 12
744 685 6
210 895 27
30 907 12
585 1080 6
365 366 12
322 33 10
542 888 8
556 853 8
199 889 4
103 311 5
623 370 8
167 266 7
1047 1052 6
831 562 26
1075 768 6
952 279 8
363 860 9
1052 1028 6
339 1009 8
14 230 9
1001 1019 15
337 1052 15
807 1057 6
751 165 20
782 370 27
546 440 12
620 421 26
281 1076 12
209 305 23
1030 163 6
872 4 8
197 963 26
345 92 4
731 414 6
1099 802 9
1042 142 9
545 460 23
971 842 8
345 516 4
842 148 8
651 52 6
315 592 11
924 389 7
1077 8 6
694 924 4
1100 902 12
674 428 4
680 1132 7
770 198 7
460 433 12
239 1116 8
384 52 4
105 503 8
497 289 8
431 45 7
455 285 8
674 628 6
689 619 27
936 585 10
165 306 7
856 820 8
191 373 14
909 870 4
1004 618 14
349 146 16
762 321 6
513 285 8
309 680 30
454 234 9
667 927 10
770 858 15
367 1044 5
793 326 12
481 610 6
54 734 8
901 1066 8
810 962 8
17 364 9
603 745 6
797 103 4
625 508 7
754 535 6
184 149 9
617 595 4
386 318 15
21 396 30
66 935 8
572 931 5
380 121 4
695 374 16
125 1045 10
152 1108 7
1073 1060 7
376 272 10
772 339 14
1082 1074 8
206 858 30
190 450 7
1065 1090 4
816 690 4
501 907 30
722 1025 11
852 517 7
845 335 11
223 265 7
345 2 8
430 993 10
733 266 8
930 598 7
212 55 8
988 1031 15
214 1068 4
894 660 7
382 570 14
233 1094 6
317 289 24
1085 280 26
1110 57 8
478 129 4
570 800 26
991 226 6
615 854 8
138 130 7
546 183 8
644 991 8
276 216 11
870 15 7
490 171 27
1085 943 10
590 901 7
954 902 11
348 581 6
323 882 7
1071 953 10
283 8 10
578 124 6
645 761 12
543 488 12
1018 56 6
834 162 10
390 1082 7
878 874 6
724 799 24
302 253 11
504 130 7
405 268 5
513 122 8
582 57 11
1072 854 8
922 528 15
816 100 7
803 399 5
953 485 9
482 10 30
599 227 6
770 16 7
954 490 6
1107 106 8
138 1093 4
167 733 6
778 292 6
451 738 23
1041 605 8
538 597 7
650 147 10
925 952 6
1013 326 8
758 446 9
392 47 6
1024 1127 6
106 265 4
468 66 7
589 245 6
248 417 11
699 914 5
391 234 9
551 815 10
774 12 8
382 359 8
59 422 5
249 998 15
278 1019 7
89 963 10
296 578 20
331 650 26
304 282 6
671 371 8
655 165 5
567 1126 7
91 1111 10
630 73 8
686 351 8
66 106 8
999 577 6
489 687 8
952 104 7
286 1036 9
576 592 10
563 553 6
109 165 7
520 476 27
825 104 20
171 860 7
419 802 8
898 203 8
818 734 26
411 444 18
609 390 4
957 172 26
578 116 6
545 437 16
1133 564 8
94 1091 9
318 237 11
365 940 6
277 687 9
659 359 6
287 6 8
971 160 5
1064 825 6
269 87 10
262 333 5
345 967 8
396 398 6
1086 612 7
965 63 6
1073 20 16
947 332 7
1003 264 7
97 137 6
198 710 5
470 739 30
1061 1068 5
916 910 14
632 1000 8
239 62 10
181 881 8
474 914 6
224 333 4
994 972 26
589 700 12
800 730 11
504 299 4
217 715 11
1131 932 6
115 454 10
352 817 8
792 216 11
936 926 18
722 822 18
468 276 15
101 361 6
358 628 6
851 520 12
436 1083 17
1066 1054 4
1020 235 26
521 570 10
674 492 16
277 1012 10
7 554 8
7 1016 8
983 798 8
571 889 7
714 423 6
396 887 7
1117 859 18
140 761 6
624 607 6
158 153 30
567 353 7
556 1122 12
218 901 7
420 708 14
118 453 5
606 994 9
467 740 6
1104 333 5
443 642 11
537 576 9
496 567 15
777 315 15
235 488 11
685 556 8
605 193 4
109 261 8
586 147 10
551 505 10
1084 100 6
513 6 8
487 850 4
28 908 7
882 268 8
1073 60 4
903 178 8
925 771 4
775 124 8
75 109 20
1051 253 12
758 1034 6
551 940 26
332 635 10
840 186 6
832 757 15
484 369 4
87 1127 8
793 90 10
382 781 9
238 317 7
466 548 10
1129 13 7
704 989 6
977 804 7
908 635 6
983 409 11
895 326 11
1121 169 14
881 721 10
434 426 7
175 325 30
938 142 7
68 464 11
911 824 8
221 648 6
965 1132 8
455 462 8
73 640 7
587 458 10
432 216 12
449 673 8
598 80 7
1016 203 9
278 877 6
611 759 10
457 361 8
264 417 12
491 860 18
396 541 7
671 513 6
698 42 9
918 746 7
773 383 11
849 575 8
395 25 5
946 893 11
562 217 26
878 1025 12
7 835 6
398 1124 6
66 1092 6
555 150 12
895 414 7
629 638 12
1008 1053 4
498 380 6
698 180 8
732 373 8
961 819 9
611 802 18
205 43 10
618 741 8
1121 431 30
42 108 7
832 489 15
578 790 4
58 1003 9
294 610 6
128 167 30
493 535 4
734 906 26
597 145 24
867 619 30
242 406 8
969 567 30
581 198 4
597 147 10
447 526 24
247 175 7
261 306 6
1110 875 8
819 441 6
813 879 11
585 449 8
941 145 11
617 1054 6
499 659 23
1114 1130 7
1016 19 11
170 422 4
1003 84 16
296 199 6
818 683 10
346 167 15
804 54 10
342 303 8
976 88 6
479 514 5
345 243 8
990 333 5
1002 854 10
722 119 12
187 1096 12
767 1012 10
117 312 4
281 184 8
603 374 8
276 658 8
812 119 8
556 87 11
603 262 7
836 539 7
62 1116 12
888 870 8
381 891 8
601 215 10
21 712 9
699 801 6
645 532 10
1065 82 8
282 865 8
70 514 5
585 1 26
519 935 5
308 615 8
483 1093 7
652 811 8
894 656 4
1067 525 11
957 713 10
810 1088 10
587 569 8
26 782 8
957 1133 8
263 732 9
977 683 6
688 613 6
979 1100 6
597 48 6
639 935 5
954 401 9
384 595 7
670 1013 8
512 490 12
526 601 8
118 829 8
1109 575 6
1103 1017 6
677 1025 12
759 356 8
249 371 15
476 577 7
451 471 10
791 722 11
685 1122 6
746 768 10
739 749 7
344 433 30
938 709 11
717 221 8
337 242 7
1129 1051 11
225 745 7
922 324 6
107 225 8
257 596 8
1104 374 7
505 866 9
795 277 9
383 927 10
922 901 7
381 393 9
830 264 9
979 347 9
164 906 8
173 647 26
988 1118 6
410 554 9
1058 450 20
177 589 6
962 196 8
79 239 10
1056 607 8
499 97 6
879 400 10
540 483 8
74 1046 11
796 560 7
528 56 9
574 919 7
62 975 8
467 16 7
84 830 8
639 803 4
285 29 8
176 252 8
1125 437 10
1111 275 8
229 700 11
894 754 20
678 452 24
1022 1131 8
348 740 4
749 1112 9
1078 412 6
796 694 4
787 423 4
610 424 6
1043 150 6
242 1029 6
1055 615 6
153 668 6
42 917 10
798 809 8
156 705 27
331 48 10
861 329 4
1087 757 8
879 742 12
459 854 26
952 621 17
166 492 4
387 1051 9
330 65 6
495 391 6
121 481 5
1113 960 15
192 957 10
977 920 11
1039 720 5
604 325 12
676 170 4
568 1023 7
285 477 9
253 857 10
283 730 12
26 893 8
672 358 7
1115 368 11
599 311 6
717 247 15
233 368 12
33 48 14
1075 365 10
605 492 15
72 627 6
92 377 8
197 766 8
726 461 4
754 220 4
312 374 4
193 553 4
290 408 24
38 88 23
619 736 7
496 519 7
81 1095 12
368 1094 8
592 397 8
969 447 12
599 130 4
242 1068 8
892 429 14
58 830 6
555 456 9
493 1044 4
65 779 6
508 531 8
807 1024 10
236 244 9
542 938 8
168 784 10
27 761 26
451 140 16
688 523 8
884 958 8
1082 996 8
1034 1070 6
358 950 4
456 966 26
678 502 6
1003 830 23
828 751 6
909 715 8
278 1001 8
276 1126 8
939 681 12
1062 661 12
1014 435 5
425 839 9
981 564 6
158 499 9
209 683 16
246 27 7
138 568 7
305 81 9
594 43 6
249 512 15
903 768 11
910 531 6
21 724 12
596 745 7
655 65 6
232 476 30
757 875 6
284 935 6
1024 837 8
549 279 6
1063 1030 10
16 710 8
1010 474 6
164 298 8
1071 721 7
769 353 6
438 728 11
955 688 8
619 168 11
155 997 12
584 428 6
1069 670 8
665 78 8
192 709 12
78 956 8
786 470 8
94 976 8
29 933 30
923 84 6
489 766 11
438 156 12
427 863 10
930 121 17
308 657 6
244 176 30
1115 174 10
1118 301 4
272 44 6
739 289 11
1022 987 8
531 822 9
894 954 15
185 265 4
364 944 6
162 1112 9
510 760 4
890 918 9
851 808 6
128 953 14
379 1096 12
9 721 6
660 535 8
718 756 11
784 736 8
345 46 8
934 896 14
151 178 11
1005 863 16
463 801 4
1097 213 5
619 687 7
1064 279 8
937 588 12
193 628 5
455 390 20
1069 176 11
335 43 10
876 65 7
194 586 11
1113 558 7
967 47 13
68 229 6
542 11 7
83 1000 6
468 273 15
506 203 26
491 394 12
133 1017 9
399 1107 6
576 303 12
364 848 23
435 484 7
494 307 4
489 226 9
744 747 11
919 732 10
1027 833 5
263 125 12
1049 1041 6
149 719 24
270 922 6
28 458 16
33 228 8
705 444 7
415 416 30
334 474 6
507 129 7
690 530 5
752 365 6
626 640 20
382 402 6
783 78 8
405 865 7
638 1070 8
730 153 27
134 1024 10
324 52 7
69 479 6
113 896 8
1096 228 8
956 709 8
604 653 8
440 855 8
714 1061 4
970 938 30
732 860 9
521 351 26
679 889 16
1049 346 4
78 172 9
637 409 11
36 48 9
593 745 6
229 234 8
17 848 6
60 367 8
378 22 8
663 82 8
704 630 5
273 156 6
229 102 8
346 396 15
494 220 7
151 940 11
1103 721 10
690 682 7
330 241 5
524 37 12
92 47 5
797 1015 8
293 304 4
930 424 7
679 1019 4
500 861 8
274 826 26
1087 978 5
901 1054 8
619 489 6
917 502 14
572 36 15
463 978 8
1087 271 20
623 842 8
328 548 9
446 1034 23
969 727 9
910 874 8
792 868 10
309 805 6
310 423 16
154 176 12
844 985 7
249 329 6
112 1000 11
945 411 11
882 405 6
112 122 6
302 527 7
785 37 12
264 1130 10
123 456 8
494 535 5
698 247 30
26 862 6
976 302 30
79 71 18
835 318 27
95 642 8
371 632 8
486 24 8
966 150 11
955 1047 15
834 98 10
1102 1036 8
777 937 15
432 848 8
277 784 7
1110 978 4
954 512 8
262 152 5
64 87 6
37 416 27
3 45 9
179 333 7
16 560 8
685 837 9
576 475 10
407 631 23
398 557 11
889 877 5
360 437 6
161 62 6
463 12 7
1011 154 10
725 144 12
1105 602 11
1015 138 4
898 136 10
712 994 8
238 544 16
960 385 8
497 98 9
335 594 10
446 880 6
738 24 6
922 617 20
313 7 15
302 552 6
86 40 8
1089 746 12
656 476 15
320 236 10
139 744 30
290 319 6
69 628 8
507 790 5
987 1104 5
370 119 11
1053 1066 4
273 615 9
187 228 6
915 543 12
421 782 11
262 1131 6
720 996 8
909 67 8
1114 802 9
843 1110 7
1119 828 6
986 935 4
965 469 8
84 642 6
329 20 4
372 527 9
587 635 26
473 983 6
726 710 6
296 278 4
110 938 8
670 534 9
1058 623 8
567 526 11
317 1046 12
17 567 30
1090 362 7
326 90 10
587 612 6
11 369 6
112 632 11
1113 540 4
945 146 6
72 83 16
1007 599 20
710 583 4
50 33 14
725 518 11
780 368 12
118 1087 6
269 64 10
103 504 4
658 526 8
871 443 30
500 60 7
423 1097 8
226 963 8
36 145 8
758 136 14
455 110 5
833 384 4
79 1116 11
401 373 8
1104 1108 17
1109 985 4
80 380 4
767 684 7
878 426 9
313 386 4
899 525 12
146 1055 8
748 105 15
420 305 6
263 171 30
885 98 8
893 167 27
545 338 7
1024 269 9
285 46 8
315 342 8
639 519 4
393 131 12
398 541 8
980 426 12
370 812 11
939 1080 10
1113 599 20
924 461 7
357 562 10
511 1123 7
479 70 7
1074 609 5
465 518 12
162 883 7
842 380 7
211 86 6
577 1036 9
206 149 12
417 443 27
185 803 16
378 705 30
290 857 10
643 737 6
23 808 26
1089 505 9
1090 1081 5
306 143 4
468 823 20
753 131 8
392 132 8
988 814 4
390 609 4
1134 747 6
1060 493 4
277 963 8
445 537 10
625 620 8
299 1093 4
535 591 4
566 990 8
1027 1066 5
968 557 12
931 639 4
692 63 11
304 323 4
1053 18 7
930 598 5
49 975 23
996 132 4
236 534 8
390 377 7
818 933 8
1022 596 6
739 1112 7
136 410 6
32 1075 10
860 902 30
941 111 6
98 74 26
594 968 10
740 105 7
378 847 12
1049 674 20
1072 728 7
305 477 6
31 608 10
386 680 15
600 175 18
357 291 26
46 734 9
783 798 8
664 881 6
28 947 6
690 85 4
880 1026 7
955 242 7
137 550 12
1063 562 8
894 500 6
14 762 8
467 726 20
63 680 27
112 182 7
537 855 8
516 47 5
892 840 9
460 338 9
717 895 15
349 308 10
925 1064 6
246 645 11
783 888 8
416 515 11
473 291 11
441 951 7
296 313 6
802 356 30
565 606 15
879 1085 10
1075 815 26
841 315 8
588 247 27
746 336 12
447 215 10
832 814 6
608 564 8
744 501 7
1117 1076 11
41 852 9
110 967 5
627 936 11
62 788 6
605 514 8
507 116 4
746 815 6
787 201 7
75 212 6
696 1025 8
652 219 6
55 241 8
600 325 11
921 604 6
1044 1073 4
882 682 8
1014 630 7
744 853 11
384 1008 7
478 790 7
568 240 4
975 91 9
496 941 15
850 65 6
1035 1046 6
623 26 7
116 124 4
654 615 8
311 227 4
1038 350 7
376 616 8
822 1025 30
948 337 6
348 726 20
416 295 7
411 728 10
238 465 23
257 262 6
711 377 5
475 546 10
1029 213 5
1082 711 6
820 5 26
192 1133 11
740 1079 6
838 697 15
54 29 9
852 154 16
108 982 8
201 214 4
988 911 15
146 127 6
847 854 6
89 277 10
61 98 26
1031 8 11
370 822 7
960 785 8
470 764 14
509 647 8
673 1 8
139 807 9
378 1072 9
932 107 7
188 100 16
1050 460 6
983 195 9
998 174 11
974 156 11
56 815 8
75 241 8
308 854 14
136 1070 8
869 182 6
750 219 12
160 424 8
1053 595 5
21 1004 8
680 753 11
725 1112 18
586 650 12
437 460 8
792 1126 18
466 788 26
925 691 7
110 836 8
986 106 7
915 993 9
482 81 12
591 20 6
346 744 15
920 533 10
1101 788 8
921 600 11
64 1134 10
1118 251 4
807 30 23
155 19 10
416 960 6
1025 874 8
138 1023 16
702 1103 7
126 423 4
258 50 8
99 750 7
149 456 6
898 554 9
538 187 23
722 508 10
934 113 8
724 43 10
189 130 6
27 856 10
758 318 30
767 1105 6
846 107 5
1014 1081 17
668 1031 8
950 428 5
873 231 11
1085 1056 8
493 220 5
31 316 7
141 588 11
127 728 10
904 742 8
971 1058 6
110 370 8
196 319 8
959 703 26
495 1006 14
522 537 14
317 883 10
228 48 8
824 168 8
452 207 8
798 715 12
608 172 14
1080 182 8
1121 99 9
446 629 16
404 334 4
318 554 7
169 607 8
1033 280 8
943 1056 12
179 152 14
828 306 5
777 838 6
313 965 15
861 1044 8
828 143 8
1005 495 10
148 930 8
1005 589 23
133 181 8
1086 381 10
179 225 4
212 841 8
1029 1068 5
517 210 12
652 607 9
590 324 8
99 813 6
297 679 4
1077 137 10
939 632 24
1035 1112 8
450 598 7
656 660 7
115 667 26
728 657 8
41 731 14
33 706 6
662 251 6
944 792 11
890 1018 6
1073 220 7
122 681 6
727 769 10
72 869 10
701 474 6
419 93 8
565 556 15
964 471 14
154 622 8
911 689 12
951 31 10
2 1111 11
945 1002 7
718 509 8
118 463 8
338 756 10
905 621 5
760 778 6
790 129 8
134 501 9
879 1056 11
269 747 12
1021 422 8
4 649 6
807 661 7
664 101 8
765 56 8
381 635 14
24 820 8
285 1095 6
608 1042 6
726 583 6
303 592 10
858 1048 11
1005 899 7
714 120 4
298 132 8
497 883 11
369 1081 4
513 872 20
679 790 7
849 942 8
115 1006 10
629 1034 8
345 455 6
240 599 5
351 8 10
538 379 16
460 634 6
1113 285 15
937 502 9
1054 388 6
665 142 8
78 67 12
512 1045 11
288 338 12
576 539 18
1037 1045 6
169 879 9
1119 439 7
847 728 10
1028 1047 27
218 595 7
328 91 12
477 734 8
1100 401 6
270 617 20
1076 267 8
709 316 10
249 861 5
348 497 15
28 381 10
539 440 30
772 49 9
984 219 11
387 372 6
49 91 7
84 356 12
534 354 26
461 560 8
558 227 8
403 842 5
1126 216 30
866 366 30
100 648 5
296 78 15
315 488 12
13 319 10
1072 308 10
315 1020 9
1118 884 6
432 601 6
243 812 8
653 325 12
558 299 8
973 1101 11
879 45 18
6 649 4
42 175 9
1077 550 8
643 472 7
393 1132 18
387 319 14
71 1116 30
957 316 6
237 997 8
178 940 8
1022 179 20
557 741 8
290 57 12
973 757 6
721 929 8
865 85 5
643 114 16
684 963 6
109 779 5
268 1084 4
890 765 14
923 200 7
416 385 7
590 431 15
947 458 6
671 825 5
296 469 15
339 79 9
1043 1076 11
302 372 7
886 742 26
888 369 7
430 303 26
1123 817 26
788 1111 10
2 1101 8
323 682 4
895 1013 11
14 112 30
99 943 16
579 394 6
76 866 9
1021 884 15
643 412 23
545 360 6
250 430 7
164 561 8
626 665 8
287 10 8
928 503 7
618 994 14
905 279 6
25 1010 5
559 47 4
1088 88 8
1059 793 11
389 796 4
928 694 5
969 17 8
300 712 10
593 1108 17
925 1095 8
890 151 30
229 525 6
1069 210 6
769 792 9
523 714 4
7 1070 9
982 175 9
199 116 5
781 1077 10
1058 462 8
50 941 30
922 983 15
273 654 11
973 788 11
1007 1113 6
309 28 9
250 576 11
409 195 8
458 805 8
861 60 15
236 731 10
624 1056 12
22 349 9
1094 808 8
1075 366 8
77 498 4
660 716 6
918 765 10
219 431 27
863 700 12
347 1100 23
627 900 7
680 131 11
286 808 8
742 400 10
300 994 10
669 625 10
848 1032 6
343 973 15
1093 355 8
384 388 16
757 1009 9
1037 579 10
88 962 12
276 1032 9
547 985 6
395 12 6
1057 735 7
814 1021 8
604 207 6
439 850 8
393 569 11
1030 637 9
757 71 8
658 215 11
445 543 7
102 525 12
348 243 15
918 1018 23
30 661 9
951 709 26
102 1006 9
285 933 11
549 6 5
310 776 4
356 113 8
257 208 7
836 841 6
1002 127 26
155 506 10
992 394 8
438 854 9
212 876 5
611 642 12
841 855 9
90 414 8
387 196 8
94 290 12
359 570 8
136 155 9
948 829 15
1088 253 6
230 926 9
337 552 15
199 478 4
135 1096 30
1061 242 7
472 715 12
987 745 5
362 15 6
645 486 11
146 654 12
261 763 4
171 394 11
453 260 20
339 275 6
1016 835 12
544 144 6
320 534 10
832 1109 20
6 279 7
785 515 8
325 789 8
949 185 4
413 121 8
1030 562 14
1115 1036 18
188 816 7
764 98 14
132 559 6
279 621 4
836 342 11
590 473 15
765 815 14
434 910 10
473 163 7
36 147 11
697 325 11
471 645 9
898 19 7
1055 654 12
578 1019 16
516 1039 8
1060 535 6
886 1033 10
255 750 12
377 1074 5
660 307 8
427 700 8
552 829 8
388 614 5
314 297 5
702 1038 6
772 973 30
431 3 7
334 463 5
345 720 6
241 143 7
763 655 7
313 775 7
995 1122 11
23 780 10
834 144 26
199 1019 6
777 670 15
1089 890 8
895 1069 6
298 92 5
201 120 7
357 1063 10
832 849 7
581 710 5
602 766 11
965 569 11
139 30 6
543 342 24
130 299 8
69 166 8
151 76 7
1065 484 6
763 1083 5
137 659 8
702 664 16
448 711 8
214 126 7
360 327 11
961 981 6
40 859 9
273 444 8
241 876 8
85 188 4
683 305 8
891 635 8
1046 739 27
103 1093 6
1041 584 6
167 881 11
659 283 9
745 333 7
347 574 6
671 46 8
1004 396 30
633 69 7
786 162 9
976 387 14
429 456 14
666 921 6
209 977 6
533 646 8
858 719 11
985 942 8
348 555 15
684 784 10
1104 117 6
888 484 4
155 638 11
787 120 16
560 105 4
476 352 11
48 873 26
823 1107 4
717 882 7
636 835 12
573 835 11
569 891 8
955 302 15
150 858 27
933 477 8
841 440 11
965 891 9
1035 885 9
777 221 4
393 587 10
57 302 27
459 146 10
764 749 6
785 532 11
137 351 6
453 404 4
530 794 4
862 380 8
188 794 7
586 135 18
72 321 23
1110 693 6
993 592 7
247 982 7
934 1099 6
829 319 9
1053 617 5
735 134 10
34 875 8
506 638 8
932 225 5
101 457 12
222 681 11
204 456 10
329 494 4
914 1128 8
664 457 12
327 647 12
472 562 6
923 611 11
546 303 6
167 929 7
661 1122 12
586 96 10
993 1020 8
548 959 8
212 436 8
916 370 30
1131 225 10
973 71 7
838 717 4
483 189 6
83 321 8
10 806 11
499 137 16
517 534 6
971 450 20
295 385 9
754 591 6
1122 744 27
12 25 4
653 789 6
670 210 12
980 370 30
663 11 4
848 216 12
125 373 6
323 268 5
1102 998 8
348 748 5
1050 272 14
1058 842 8
329 535 5
576 440 11
1049 398 15
1021 1118 4
702 953 10
702 101 23
232 39 8
793 244 18
844 676 7
817 174 10
186 1117 11
1011 534 26
821 486 8
334 12 6
1012 736 6
1052 344 8
552 527 8
922 590 4
202 67 12
475 592 6
153 580 7
1057 269 11
707 297 5
119 508 10
350 1017 10
639 265 6
157 473 30
224 152 4
729 851 7
99 169 10
538 33 10
528 866 8
869 1 14
867 991 6
1011 90 6
10 29 7
164 235 8
593 566 8
1078 1030 14
963 159 26
705 273 6
506 19 6
691 760 8
411 654 11
747 87 10
818 533 6
529 680 30
1064 649 5
360 173 7
593 152 4
998 808 9
1087 463 8
507 297 4
676 575 6
645 385 18
335 557 11
967 711 6
72 939 7
843 302 8
706 135 9
556 480 9
626 870 5
918 365 16
287 925 7
983 715 6
1005 773 6
335 541 18
337 955 4
170 1109 5
527 962 30
346 1041 8
646 29 9
436 165 5
1090 369 6
1069 252 9
14 939 12
1123 808 10
731 534 14
345 78 8
183 855 6
1128 1010 4
209 708 10
999 1115 9
568 311 6
1091 527 9
35 104 5
998 520 12
246 140 6
791 677 6
564 172 8
227 1023 6
55 1119 7
1033 45 9
729 511 6
513 287 8
459 728 6
1109 662 6
270 651 6
733 361 9
483 797 8
931 265 15
622 176 12
301 849 7
447 254 12
331 322 10
553 584 5
418 502 10
798 562 9
1085 400 6
697 588 6
871 264 12
938 1042 7
379 650 6
903 336 12
537 397 6
663 1081 8
1006 1067 26
1051 527 18
920 897 12
214 310 5
140 486 12
319 582 26
548 339 10
180 653 6
39 476 30
1031 686 8
1017 946 26
821 140 10
798 641 11
128 702 9
389 710 6
243 782 12
616 375 26
446 136 10
111 1096 11
738 486 12
272 327 9
656 494 7
635 692 26
1108 374 7
913 127 8
1019 707 8
525 68 27
748 694 8
364 769 10
220 307 8
396 799 11
751 439 4
1045 363 8
538 194 6
529 1086 9
846 152 6
97 521 7
1051 857 10
185 1107 7
347 579 16
626 542 8
300 205 26
1134 30 8
247 452 11
510 292 7
617 52 16
1040 725 11
765 76 6
993 537 10
892 184 6
270 798 15
114 409 12
670 90 11
528 336 6
1016 237 8
680 912 7
840 281 16
948 688 4
171 954 6
842 80 4
153 686 11
552 57 6
164 421 8
602 168 12
716 535 5
960 37 6
844 884 4
830 113 6
516 1074 8
516 377 6
839 382 10
872 292 5
637 291 12
514 672 4
1032 274 8
346 633 7
102 464 8
961 938 30
524 820 6
341 274 10
1132 569 30
366 56 8
424 190 8
472 809 24
691 621 8
934 611 9
958 422 5
998 352 8
338 1028 12
129 1019 4
674 563 6
871 1114 9
542 473 8
796 461 5
696 508 6
1078 473 30
468 496 4
988 1109 20
955 1061 7
425 283 12
1115 23 10
223 399 6
149 86 10
145 650 8
941 650 11
1035 518 11
496 705 15
1012 963 14
349 945 6
832 343 4
903 815 9
293 85 8
450 77 8
75 751 5
500 340 6
799 205 8
839 580 9
123 429 10
810 857 6
1123 286 10
920 933 11
936 449 11
661 87 10
371 681 12
218 1066 5
1113 483 6
775 116 8
260 801 7
445 546 16
532 295 8
332 1086 10
714 1068 5
468 223 6
671 6 8
15 630 6
157 1078 8
61 544 10
530 282 16
13 253 26
212 276 8
776 126 8
1130 1099 8
298 996 6
75 315 8
668 580 8
1012 226 8
122 926 8
764 885 8
652 45 8
1079 461 6
91 1101 24
830 356 12
1004 631 6
114 291 6
909 704 6
572 223 4
522 445 9
705 657 7
1061 126 4
1027 53 7
622 252 6
201 1068 6
944 432 6
729 780 16
1040 544 6
339 959 14
697 789 9
283 686 24
1114 934 10
494 660 7
427 927 6
739 144 11
211 1076 8
659 550 12
869 936 9
251 547 5
852 731 10
640 630 5
1110 774 6
1014 369 8
224 695 5
153 351 11
250 546 6
151 866 7
495 383 9
170 985 5
827 895 30
198 461 7
431 652 6
636 203 6
793 176 11
140 738 8
123 86 7
52 53 8
769 274 14
720 711 8
1103 893 12
1121 624 6
845 968 6
536 636 12
117 225 6
455 841 8
1007 797 5
925 681 8
33 586 9
164 392 5
280 984 26
254 567 27
11 15 6
723 128 8
134 87 7
668 359 9
1103 181 24
128 101 6
1086 635 8
32 866 18
23 368 8
469 612 11
505 815 8
472 641 10
338 509 24
422 844 4
917 789 8
317 98 6
968 205 6
622 517 9
672 428 7
211 456 26
397 539 9
1087 552 8
1000 1080 10
829 408 8
264 95 24
1065 630 5
419 417 6
454 927 7
1039 559 18
309 381 14
656 112 15
1037 902 8
398 741 9
395 701 7
780 233 8
780 817 6
471 24 8
193 633 4
952 292 7
429 1117 9
1091 387 10
928 710 5
354 210 11
851 174 10
735 480 10
1106 454 9
294 598 5
627 83 6
698 678 12
1047 509 11
915 836 30
644 766 12
908 612 10
232 286 9
1014 435 7
475 440 8
264 896 6
204 123 10
901 1027 6
91 959 6
979 171 30
177 495 14
713 1133 12
572 658 15
894 122 15
590 218 7
530 1084 6
1129 1088 6
924 105 4
671 872 20
221 282 7
6 771 8
22 1055 6
718 616 9
719 1048 8
470 238 9
1072 444 9
287 549 7
102 927 11
665 67 6
38 1088 16
434 677 16
249 754 20
1003 923 6
324 864 8
1001 297 8
123 859 9
724 994 6
746 178 24
731 793 9
545 272 10
712 541 9
4 760 8
867 767 9
1033 400 7
785 820 9
602 784 10
430 1020 10
386 478 7
429 40 6
365 1018 8
28 805 23
908 753 24
425 158 8
741 994 8
1034 638 12
505 765 10
2 875 12
762 112 30
961 608 14
922 652 15
445 250 6
386 938 15
618 335 9
595 18 8
829 857 11
1026 997 26
1058 148 5
948 93 15
446 636 7
195 562 8
1043 859 8
1063 259 9
467 1043 15
349 847 7
1055 847 9
859 1076 30
736 687 9
988 2 15
230 869 10
337 310 20
1031 570 9
39 233 6
340 220 6
